     1        0   0.000
     2    27385   0.000
     3    54802   0.000
     4    82186   0.000
     5   109570   0.000
     6   136954   0.000
     7   164338   0.000
     8   191722   0.000
     9   219106   0.000
    10   246490   0.000
    11   273874   0.000
    12   301258   0.000
    13   328642   0.000
    14   356026   0.000
    15   383410   0.000
    16   410794   0.000
    17   438178   0.000
    18   465562   0.000
    19   492946   0.000
    20   520330   0.000
    21   547714   0.000
    22   575098   0.000
    23   602482   0.000
    24   629866   0.000
    25   657250   0.000
    26   684634   0.000
    27   712018   0.000
    28   739402   0.000
    29   766786   0.000
    30   794170   0.000
    31   821554   0.000
    32   848938   0.000
    33   876322   0.000
    34   903706   0.000
    35   931090   0.000
    36   958474   0.000
    37   985858   0.000
    38  1013242   0.000
    39  1040626   0.000
    40  1068010   0.000
    41  1095394   0.000
    42  1122778   0.000
    43  1150162   0.000
    44  1177546   0.000
    45  1204930   0.000
    46  1232314   0.000
    47  1259698   0.000
    48  1287082   0.000
    49  1314466   0.000
    50  1341850   0.000
    51  1369234   0.000
    52  1396618   0.000
    53  1424002   0.000
    54  1451386   0.000
    55  1478770   0.000
    56  1506154   0.000
    57  1533538   0.000
    58  1560922   0.000
    59  1588306   0.000
    60  1615690   0.000
    61  1643074   0.000
    62  1670458   0.000
