     1        0   189000   0.000
     2    27385   189000   0.000
     3    54802   189000   0.000
     4    82186   189000   0.000
     5   109570   189000   0.000
     6   136954   189000   0.000
     7   164338   189000   0.000
     8   191722   189000   0.000
     9   219106   189000   0.000
    10   246490   189000   0.000
    11   273874   189000   0.000
    12   301258   189000   0.000
    13   328642   189000   0.000
    14   356026   189000   0.000
    15   383410   189000   0.000
    16   410794   189000   0.000
    17   438178   189000   0.000
    18   465562   189000   0.000
    19   492946   189000   0.000
    20   520330   189000   0.000
    21   547714   189000   0.000
    22   575098   189000   0.000
    23   602482   189000   0.000
    24   629866   189000   0.000
    25   657250   189000   0.000
    26   684634   189000   0.000
    27   712018   189000   0.000
    28   739402   189000   0.000
    29   766786   189000   0.000
    30   794170   189000   0.000
    31   821554   189000   0.000
    32   848938   189000   0.000
    33   876322   189000   0.000
    34   903706   189000   0.000
    35   931090   189000   0.000
    36   958474   189000   0.000
    37   985858   189000   0.000
    38  1013242   189000   0.000
    39  1040626   189000   0.000
    40  1068010   189000   0.000
    41  1095394   189000   0.000
    42  1122778   189000   0.000
    43  1150162   189000   0.000
    44  1177546   189000   0.000
    45  1204930   189000   0.000
    46  1232314   189000   0.000
    47  1259698   189000   0.000
    48  1287082   189000   0.000
    49  1314466   189000   0.000
    50  1341850   189000   0.000
    51  1369234   189000   0.000
    52  1396618   189000   0.000
    53  1424002   189000   0.000
    54  1451386   189000   0.000
    55  1478770   189000   0.000
    56  1506154   189000   0.000
    57  1533538   189000   0.000
    58  1560922   189000   0.000
    59  1588306   189000   0.000
    60  1615690   189000   0.000
    61  1643074   189000   0.000
    62  1670458   189000   0.000
