     28000  0.22E-05  0.32E-05  0.33E-05
     29000  0.27E-05  0.30E-06  0.46E-06
     30000  0.34E-05  0.52E-07  0.96E-07
     31000  0.40E-05  0.21E-07  0.36E-07
     32000  0.46E-05  0.10E-07  0.19E-07
     33000  0.52E-05  0.81E-08  0.14E-07
     34000  0.58E-05  0.48E-08  0.11E-07
     35000  0.62E-05  0.38E-08  0.58E-08
     36000  0.66E-05  0.33E-08  0.42E-08
     37000  0.69E-05  0.27E-08  0.34E-08
     38000  0.72E-05  0.24E-08  0.28E-08
     39000  0.74E-05  0.19E-08  0.27E-08
     40000  0.76E-05  0.16E-08  0.24E-08
     41000  0.77E-05  0.14E-08  0.23E-08
     42000  0.78E-05  0.11E-08  0.23E-08
     43000  0.78E-05  0.89E-09  0.21E-08
     44000  0.78E-05  0.73E-09  0.21E-08
     45000  0.78E-05  0.61E-09  0.20E-08
     46000  0.77E-05  0.51E-09  0.20E-08
     47000  0.77E-05  0.48E-09  0.20E-08
     48000  0.77E-05  0.48E-09  0.20E-08
     49000  0.77E-05  0.42E-09  0.20E-08
     50000  0.77E-05  0.29E-09  0.20E-08
     51000  0.77E-05  0.22E-09  0.19E-08
     52000  0.77E-05  0.19E-09  0.20E-08
     53000  0.77E-05  0.25E-09  0.20E-08
     54000  0.77E-05  0.30E-09  0.20E-08
     55000  0.77E-05  0.30E-09  0.20E-08
     56000  0.77E-05  0.37E-09  0.20E-08
     57000  0.77E-05  0.43E-09  0.20E-08
     58000  0.77E-05  0.43E-09  0.20E-08
     59000  0.77E-05  0.43E-09  0.21E-08
     60000  0.77E-05  0.39E-09  0.20E-08
     61000  0.77E-05  0.34E-09  0.21E-08
     62000  0.77E-05  0.27E-09  0.21E-08
     63000  0.77E-05  0.21E-09  0.20E-08
     64000  0.77E-05  0.21E-09  0.20E-08
     65000  0.77E-05  0.18E-09  0.20E-08
     66000  0.77E-05  0.14E-09  0.19E-08
     67000  0.77E-05  0.12E-09  0.19E-08
     68000  0.77E-05  0.11E-09  0.19E-08
     69000  0.77E-05  0.11E-09  0.19E-08
     70000  0.77E-05  0.92E-10  0.19E-08
     71000  0.77E-05  0.84E-10  0.19E-08
     72000  0.77E-05  0.73E-10  0.19E-08
     73000  0.77E-05  0.70E-10  0.19E-08
     74000  0.77E-05  0.72E-10  0.19E-08
     75000  0.77E-05  0.69E-10  0.19E-08
     76000  0.77E-05  0.77E-10  0.19E-08
     77000  0.77E-05  0.86E-10  0.19E-08
     78000  0.77E-05  0.93E-10  0.19E-08
     79000  0.77E-05  0.94E-10  0.19E-08
     80000  0.77E-05  0.96E-10  0.19E-08
     81000  0.77E-05  0.10E-09  0.19E-08
     82000  0.77E-05  0.99E-10  0.19E-08
     83000  0.77E-05  0.99E-10  0.19E-08
     84000  0.77E-05  0.91E-10  0.19E-08
     85000  0.77E-05  0.91E-10  0.19E-08
     86000  0.77E-05  0.76E-10  0.19E-08
     87000  0.77E-05  0.81E-10  0.19E-08
     88000  0.77E-05  0.64E-10  0.19E-08
     89000  0.77E-05  0.69E-10  0.19E-08
     90000  0.77E-05  0.58E-10  0.19E-08
     91000  0.77E-05  0.56E-10  0.19E-08
     92000  0.77E-05  0.53E-10  0.19E-08
     93000  0.77E-05  0.55E-10  0.19E-08
     94000  0.77E-05  0.47E-10  0.19E-08
     95000  0.77E-05  0.45E-10  0.19E-08
     96000  0.77E-05  0.40E-10  0.19E-08
     97000  0.77E-05  0.40E-10  0.19E-08
     98000  0.77E-05  0.38E-10  0.19E-08
     99000  0.77E-05  0.35E-10  0.19E-08
    100000  0.77E-05  0.31E-10  0.19E-08
    101000  0.77E-05  0.36E-10  0.19E-08
    102000  0.77E-05  0.39E-10  0.19E-08
    103000  0.77E-05  0.46E-10  0.19E-08
    104000  0.77E-05  0.58E-10  0.19E-08
    105000  0.77E-05  0.71E-10  0.19E-08
    106000  0.77E-05  0.79E-10  0.19E-08
    107000  0.77E-05  0.82E-10  0.19E-08
    108000  0.77E-05  0.85E-10  0.19E-08
    109000  0.77E-05  0.82E-10  0.19E-08
    110000  0.77E-05  0.81E-10  0.19E-08
    111000  0.77E-05  0.80E-10  0.19E-08
    112000  0.77E-05  0.67E-10  0.19E-08
    113000  0.77E-05  0.64E-10  0.19E-08
    114000  0.77E-05  0.56E-10  0.19E-08
    115000  0.77E-05  0.58E-10  0.19E-08
    116000  0.77E-05  0.47E-10  0.19E-08
    117000  0.77E-05  0.43E-10  0.19E-08
    118000  0.77E-05  0.38E-10  0.19E-08
    119000  0.77E-05  0.35E-10  0.19E-08
    120000  0.77E-05  0.32E-10  0.19E-08
    121000  0.77E-05  0.30E-10  0.19E-08
    122000  0.77E-05  0.27E-10  0.19E-08
    123000  0.77E-05  0.28E-10  0.19E-08
    124000  0.77E-05  0.27E-10  0.19E-08
    125000  0.77E-05  0.26E-10  0.19E-08
    126000  0.77E-05  0.29E-10  0.19E-08
    127000  0.77E-05  0.28E-10  0.19E-08
    128000  0.77E-05  0.30E-10  0.19E-08
    129000  0.77E-05  0.32E-10  0.19E-08
    130000  0.77E-05  0.32E-10  0.19E-08
    131000  0.77E-05  0.33E-10  0.19E-08
    132000  0.77E-05  0.32E-10  0.19E-08
    133000  0.77E-05  0.34E-10  0.19E-08
    134000  0.77E-05  0.36E-10  0.19E-08
    135000  0.77E-05  0.33E-10  0.19E-08
    136000  0.77E-05  0.34E-10  0.19E-08
    137000  0.77E-05  0.35E-10  0.19E-08
    138000  0.77E-05  0.33E-10  0.19E-08
    139000  0.77E-05  0.30E-10  0.19E-08
    140000  0.77E-05  0.32E-10  0.19E-08
    141000  0.77E-05  0.29E-10  0.19E-08
    142000  0.77E-05  0.28E-10  0.19E-08
    143000  0.77E-05  0.28E-10  0.19E-08
    144000  0.77E-05  0.26E-10  0.19E-08
    145000  0.77E-05  0.25E-10  0.19E-08
    146000  0.77E-05  0.23E-10  0.19E-08
    147000  0.77E-05  0.24E-10  0.19E-08
    148000  0.77E-05  0.22E-10  0.19E-08
    149000  0.77E-05  0.21E-10  0.19E-08
    150000  0.77E-05  0.21E-10  0.19E-08
    151000  0.77E-05  0.19E-10  0.19E-08
    152000  0.77E-05  0.19E-10  0.19E-08
    153000  0.77E-05  0.19E-10  0.19E-08
    154000  0.77E-05  0.23E-10  0.19E-08
    155000  0.77E-05  0.26E-10  0.19E-08
    156000  0.77E-05  0.28E-10  0.19E-08
    157000  0.77E-05  0.30E-10  0.19E-08
    158000  0.77E-05  0.31E-10  0.19E-08
    159000  0.78E-05  0.33E-10  0.19E-08
    160000  0.78E-05  0.37E-10  0.19E-08
    161000  0.78E-05  0.34E-10  0.19E-08
    162000  0.78E-05  0.35E-10  0.19E-08
    163000  0.78E-05  0.33E-10  0.19E-08
    164000  0.78E-05  0.32E-10  0.19E-08
    165000  0.78E-05  0.34E-10  0.19E-08
    166000  0.78E-05  0.30E-10  0.19E-08
    167000  0.78E-05  0.28E-10  0.19E-08
    168000  0.78E-05  0.27E-10  0.19E-08
    169000  0.78E-05  0.26E-10  0.19E-08
    170000  0.78E-05  0.26E-10  0.19E-08
    171000  0.78E-05  0.29E-10  0.19E-08
    172000  0.78E-05  0.28E-10  0.19E-08
    173000  0.78E-05  0.25E-10  0.19E-08
    174000  0.78E-05  0.26E-10  0.19E-08
    175000  0.78E-05  0.26E-10  0.19E-08
    176000  0.78E-05  0.26E-10  0.19E-08
    177000  0.78E-05  0.23E-10  0.19E-08
    178000  0.78E-05  0.26E-10  0.19E-08
    179000  0.78E-05  0.23E-10  0.19E-08
    180000  0.78E-05  0.25E-10  0.19E-08
    181000  0.78E-05  0.24E-10  0.19E-08
    182000  0.78E-05  0.23E-10  0.19E-08
    183000  0.78E-05  0.23E-10  0.19E-08
    184000  0.78E-05  0.22E-10  0.19E-08
    185000  0.78E-05  0.23E-10  0.19E-08
    186000  0.78E-05  0.22E-10  0.19E-08
    187000  0.78E-05  0.20E-10  0.19E-08
    188000  0.78E-05  0.21E-10  0.19E-08
    189000  0.78E-05  0.19E-10  0.19E-08
    190000  0.78E-05  0.20E-10  0.19E-08
    191000  0.78E-05  0.19E-10  0.19E-08
    192000  0.78E-05  0.19E-10  0.19E-08
    193000  0.78E-05  0.19E-10  0.19E-08
    194000  0.78E-05  0.17E-10  0.19E-08
    195000  0.78E-05  0.17E-10  0.19E-08
    196000  0.78E-05  0.16E-10  0.19E-08
    197000  0.78E-05  0.16E-10  0.19E-08
    198000  0.78E-05  0.15E-10  0.19E-08
    199000  0.78E-05  0.14E-10  0.19E-08
    200000  0.78E-05  0.14E-10  0.19E-08
    201000  0.78E-05  0.14E-10  0.19E-08
    202000  0.78E-05  0.14E-10  0.19E-08
    203000  0.78E-05  0.13E-10  0.19E-08
    204000  0.78E-05  0.15E-10  0.19E-08
    205000  0.78E-05  0.12E-10  0.19E-08
    206000  0.78E-05  0.14E-10  0.19E-08
    207000  0.78E-05  0.16E-10  0.19E-08
    208000  0.78E-05  0.18E-10  0.19E-08
    209000  0.78E-05  0.18E-10  0.19E-08
    210000  0.78E-05  0.19E-10  0.19E-08
    211000  0.78E-05  0.19E-10  0.19E-08
    212000  0.78E-05  0.20E-10  0.19E-08
    213000  0.78E-05  0.23E-10  0.19E-08
    214000  0.78E-05  0.21E-10  0.19E-08
    215000  0.78E-05  0.21E-10  0.19E-08
    216000  0.78E-05  0.21E-10  0.19E-08
    217000  0.78E-05  0.21E-10  0.19E-08
    218000  0.78E-05  0.20E-10  0.19E-08
    219000  0.78E-05  0.21E-10  0.19E-08
    220000  0.78E-05  0.21E-10  0.19E-08
    221000  0.78E-05  0.21E-10  0.19E-08
    222000  0.78E-05  0.22E-10  0.19E-08
    223000  0.78E-05  0.22E-10  0.19E-08
    224000  0.78E-05  0.23E-10  0.19E-08
    225000  0.78E-05  0.24E-10  0.19E-08
    226000  0.78E-05  0.24E-10  0.19E-08
    227000  0.78E-05  0.23E-10  0.19E-08
    228000  0.78E-05  0.22E-10  0.19E-08
    229000  0.78E-05  0.24E-10  0.19E-08
    230000  0.78E-05  0.23E-10  0.19E-08
    231000  0.78E-05  0.22E-10  0.19E-08
    232000  0.78E-05  0.22E-10  0.19E-08
    233000  0.78E-05  0.21E-10  0.19E-08
    234000  0.78E-05  0.22E-10  0.19E-08
    235000  0.78E-05  0.22E-10  0.19E-08
    236000  0.78E-05  0.21E-10  0.19E-08
    237000  0.78E-05  0.20E-10  0.19E-08
    238000  0.78E-05  0.18E-10  0.19E-08
    239000  0.78E-05  0.18E-10  0.19E-08
    240000  0.78E-05  0.18E-10  0.19E-08
    241000  0.78E-05  0.16E-10  0.19E-08
    242000  0.78E-05  0.16E-10  0.19E-08
    243000  0.78E-05  0.17E-10  0.19E-08
    244000  0.78E-05  0.14E-10  0.19E-08
    245000  0.78E-05  0.14E-10  0.19E-08
    246000  0.78E-05  0.15E-10  0.19E-08
    247000  0.78E-05  0.15E-10  0.19E-08
    248000  0.78E-05  0.14E-10  0.19E-08
    249000  0.78E-05  0.14E-10  0.19E-08
    250000  0.78E-05  0.14E-10  0.19E-08
    251000  0.78E-05  0.13E-10  0.19E-08
    252000  0.78E-05  0.13E-10  0.19E-08
    253000  0.78E-05  0.13E-10  0.19E-08
    254000  0.78E-05  0.14E-10  0.19E-08
    255000  0.78E-05  0.13E-10  0.19E-08
    256000  0.78E-05  0.14E-10  0.19E-08
    257000  0.78E-05  0.14E-10  0.19E-08
    258000  0.78E-05  0.13E-10  0.19E-08
    259000  0.78E-05  0.15E-10  0.19E-08
    260000  0.78E-05  0.14E-10  0.19E-08
    261000  0.78E-05  0.13E-10  0.19E-08
    262000  0.78E-05  0.14E-10  0.19E-08
    263000  0.78E-05  0.14E-10  0.19E-08
    264000  0.78E-05  0.15E-10  0.19E-08
    265000  0.78E-05  0.15E-10  0.19E-08
    266000  0.78E-05  0.17E-10  0.19E-08
    267000  0.78E-05  0.17E-10  0.19E-08
    268000  0.78E-05  0.18E-10  0.19E-08
    269000  0.78E-05  0.18E-10  0.19E-08
    270000  0.78E-05  0.22E-10  0.19E-08
    271000  0.78E-05  0.20E-10  0.19E-08
    272000  0.78E-05  0.23E-10  0.19E-08
    273000  0.78E-05  0.23E-10  0.19E-08
    274000  0.78E-05  0.21E-10  0.19E-08
    275000  0.78E-05  0.24E-10  0.19E-08
    276000  0.78E-05  0.24E-10  0.19E-08
    277000  0.78E-05  0.25E-10  0.19E-08
    278000  0.78E-05  0.22E-10  0.19E-08
    279000  0.78E-05  0.22E-10  0.19E-08
    280000  0.78E-05  0.23E-10  0.19E-08
    281000  0.78E-05  0.20E-10  0.19E-08
    282000  0.78E-05  0.21E-10  0.19E-08
    283000  0.78E-05  0.22E-10  0.19E-08
    284000  0.78E-05  0.22E-10  0.19E-08
    285000  0.78E-05  0.21E-10  0.19E-08
    286000  0.78E-05  0.19E-10  0.19E-08
    287000  0.78E-05  0.20E-10  0.19E-08
    288000  0.78E-05  0.19E-10  0.19E-08
    289000  0.78E-05  0.16E-10  0.19E-08
    290000  0.78E-05  0.16E-10  0.19E-08
    291000  0.78E-05  0.16E-10  0.19E-08
    292000  0.78E-05  0.15E-10  0.19E-08
    293000  0.78E-05  0.15E-10  0.19E-08
    294000  0.78E-05  0.13E-10  0.19E-08
    295000  0.78E-05  0.14E-10  0.19E-08
    296000  0.78E-05  0.13E-10  0.19E-08
    297000  0.78E-05  0.14E-10  0.19E-08
    298000  0.79E-05  0.16E-10  0.19E-08
    299000  0.79E-05  0.13E-10  0.19E-08
    300000  0.79E-05  0.13E-10  0.19E-08
    301000  0.79E-05  0.15E-10  0.19E-08
    302000  0.79E-05  0.14E-10  0.19E-08
    303000  0.79E-05  0.13E-10  0.19E-08
    304000  0.79E-05  0.12E-10  0.19E-08
    305000  0.79E-05  0.14E-10  0.19E-08
    306000  0.79E-05  0.14E-10  0.19E-08
    307000  0.79E-05  0.13E-10  0.19E-08
    308000  0.79E-05  0.13E-10  0.19E-08
    309000  0.79E-05  0.13E-10  0.19E-08
    310000  0.79E-05  0.12E-10  0.19E-08
    311000  0.79E-05  0.13E-10  0.19E-08
    312000  0.79E-05  0.13E-10  0.19E-08
    313000  0.79E-05  0.15E-10  0.19E-08
    314000  0.79E-05  0.14E-10  0.19E-08
    315000  0.79E-05  0.18E-10  0.19E-08
    316000  0.79E-05  0.18E-10  0.19E-08
    317000  0.79E-05  0.17E-10  0.19E-08
    318000  0.79E-05  0.18E-10  0.19E-08
    319000  0.79E-05  0.20E-10  0.19E-08
    320000  0.79E-05  0.22E-10  0.19E-08
    321000  0.79E-05  0.21E-10  0.19E-08
    322000  0.79E-05  0.21E-10  0.19E-08
    323000  0.79E-05  0.23E-10  0.19E-08
    324000  0.79E-05  0.21E-10  0.19E-08
    325000  0.79E-05  0.21E-10  0.19E-08
    326000  0.79E-05  0.21E-10  0.19E-08
    327000  0.79E-05  0.23E-10  0.19E-08
    328000  0.79E-05  0.23E-10  0.19E-08
    329000  0.79E-05  0.22E-10  0.19E-08
    330000  0.79E-05  0.25E-10  0.19E-08
    331000  0.79E-05  0.20E-10  0.19E-08
    332000  0.79E-05  0.21E-10  0.19E-08
    333000  0.79E-05  0.21E-10  0.19E-08
    334000  0.79E-05  0.20E-10  0.19E-08
    335000  0.79E-05  0.18E-10  0.19E-08
    336000  0.79E-05  0.18E-10  0.19E-08
    337000  0.79E-05  0.17E-10  0.19E-08
    338000  0.79E-05  0.19E-10  0.19E-08
    339000  0.79E-05  0.17E-10  0.19E-08
    340000  0.79E-05  0.16E-10  0.19E-08
    341000  0.79E-05  0.14E-10  0.19E-08
    342000  0.79E-05  0.14E-10  0.19E-08
    343000  0.79E-05  0.14E-10  0.19E-08
    344000  0.79E-05  0.13E-10  0.19E-08
    345000  0.79E-05  0.12E-10  0.19E-08
    346000  0.79E-05  0.14E-10  0.19E-08
    347000  0.79E-05  0.13E-10  0.19E-08
    348000  0.79E-05  0.14E-10  0.19E-08
    349000  0.79E-05  0.13E-10  0.19E-08
    350000  0.79E-05  0.14E-10  0.19E-08
    351000  0.79E-05  0.13E-10  0.19E-08
    352000  0.79E-05  0.13E-10  0.19E-08
    353000  0.79E-05  0.13E-10  0.19E-08
    354000  0.79E-05  0.13E-10  0.19E-08
    355000  0.79E-05  0.13E-10  0.19E-08
    356000  0.79E-05  0.14E-10  0.19E-08
    357000  0.79E-05  0.13E-10  0.19E-08
    358000  0.79E-05  0.14E-10  0.19E-08
    359000  0.79E-05  0.13E-10  0.19E-08
    360000  0.79E-05  0.14E-10  0.19E-08
    361000  0.79E-05  0.15E-10  0.19E-08
    362000  0.79E-05  0.16E-10  0.19E-08
    363000  0.79E-05  0.15E-10  0.19E-08
    364000  0.79E-05  0.19E-10  0.19E-08
    365000  0.79E-05  0.17E-10  0.19E-08
    366000  0.79E-05  0.21E-10  0.19E-08
    367000  0.79E-05  0.19E-10  0.19E-08
    368000  0.79E-05  0.20E-10  0.19E-08
    369000  0.79E-05  0.21E-10  0.19E-08
    370000  0.79E-05  0.24E-10  0.19E-08
    371000  0.79E-05  0.23E-10  0.19E-08
    372000  0.79E-05  0.23E-10  0.19E-08
    373000  0.79E-05  0.21E-10  0.19E-08
    374000  0.79E-05  0.21E-10  0.19E-08
    375000  0.79E-05  0.20E-10  0.19E-08
    376000  0.79E-05  0.22E-10  0.19E-08
    377000  0.79E-05  0.22E-10  0.19E-08
    378000  0.79E-05  0.22E-10  0.19E-08
    379000  0.79E-05  0.20E-10  0.19E-08
    380000  0.79E-05  0.20E-10  0.19E-08
    381000  0.79E-05  0.23E-10  0.19E-08
    382000  0.79E-05  0.19E-10  0.19E-08
    383000  0.79E-05  0.17E-10  0.19E-08
    384000  0.79E-05  0.17E-10  0.19E-08
    385000  0.79E-05  0.16E-10  0.19E-08
    386000  0.79E-05  0.16E-10  0.19E-08
    387000  0.79E-05  0.17E-10  0.19E-08
    388000  0.79E-05  0.14E-10  0.19E-08
    389000  0.79E-05  0.13E-10  0.19E-08
    390000  0.79E-05  0.14E-10  0.19E-08
    391000  0.79E-05  0.14E-10  0.19E-08
    392000  0.79E-05  0.13E-10  0.19E-08
    393000  0.79E-05  0.13E-10  0.19E-08
    394000  0.79E-05  0.14E-10  0.19E-08
    395000  0.79E-05  0.14E-10  0.19E-08
    396000  0.79E-05  0.13E-10  0.19E-08
    397000  0.79E-05  0.13E-10  0.19E-08
    398000  0.79E-05  0.13E-10  0.19E-08
    399000  0.79E-05  0.14E-10  0.19E-08
    400000  0.79E-05  0.14E-10  0.19E-08
    401000  0.79E-05  0.13E-10  0.19E-08
    402000  0.79E-05  0.14E-10  0.19E-08
    403000  0.79E-05  0.15E-10  0.19E-08
    404000  0.79E-05  0.13E-10  0.19E-08
    405000  0.79E-05  0.13E-10  0.19E-08
    406000  0.79E-05  0.15E-10  0.19E-08
    407000  0.79E-05  0.16E-10  0.19E-08
    408000  0.79E-05  0.14E-10  0.19E-08
    409000  0.79E-05  0.16E-10  0.19E-08
    410000  0.79E-05  0.17E-10  0.19E-08
    411000  0.79E-05  0.17E-10  0.19E-08
    412000  0.79E-05  0.19E-10  0.19E-08
    413000  0.79E-05  0.19E-10  0.19E-08
    414000  0.79E-05  0.19E-10  0.19E-08
    415000  0.79E-05  0.19E-10  0.19E-08
    416000  0.79E-05  0.20E-10  0.19E-08
    417000  0.79E-05  0.20E-10  0.19E-08
    418000  0.79E-05  0.20E-10  0.19E-08
    419000  0.79E-05  0.21E-10  0.19E-08
    420000  0.79E-05  0.21E-10  0.19E-08
    421000  0.79E-05  0.20E-10  0.19E-08
    422000  0.79E-05  0.20E-10  0.19E-08
    423000  0.79E-05  0.20E-10  0.19E-08
    424000  0.79E-05  0.22E-10  0.19E-08
    425000  0.79E-05  0.20E-10  0.19E-08
    426000  0.79E-05  0.19E-10  0.19E-08
    427000  0.79E-05  0.20E-10  0.19E-08
    428000  0.79E-05  0.18E-10  0.19E-08
    429000  0.79E-05  0.17E-10  0.19E-08
    430000  0.79E-05  0.16E-10  0.19E-08
    431000  0.79E-05  0.16E-10  0.19E-08
    432000  0.79E-05  0.15E-10  0.19E-08
    433000  0.79E-05  0.17E-10  0.19E-08
    434000  0.79E-05  0.15E-10  0.19E-08
    435000  0.80E-05  0.15E-10  0.18E-08
    436000  0.80E-05  0.14E-10  0.19E-08
    437000  0.80E-05  0.15E-10  0.18E-08
    438000  0.80E-05  0.13E-10  0.18E-08
    439000  0.80E-05  0.13E-10  0.19E-08
    440000  0.80E-05  0.14E-10  0.18E-08
    441000  0.80E-05  0.14E-10  0.18E-08
    442000  0.80E-05  0.13E-10  0.18E-08
    443000  0.80E-05  0.13E-10  0.18E-08
    444000  0.80E-05  0.13E-10  0.18E-08
    445000  0.80E-05  0.13E-10  0.19E-08
    446000  0.80E-05  0.15E-10  0.18E-08
    447000  0.80E-05  0.14E-10  0.18E-08
    448000  0.80E-05  0.14E-10  0.18E-08
    449000  0.80E-05  0.13E-10  0.18E-08
    450000  0.80E-05  0.13E-10  0.19E-08
    451000  0.80E-05  0.14E-10  0.18E-08
    452000  0.80E-05  0.15E-10  0.18E-08
    453000  0.80E-05  0.14E-10  0.18E-08
    454000  0.80E-05  0.15E-10  0.18E-08
    455000  0.80E-05  0.16E-10  0.19E-08
    456000  0.80E-05  0.16E-10  0.18E-08
    457000  0.80E-05  0.17E-10  0.19E-08
    458000  0.80E-05  0.18E-10  0.18E-08
    459000  0.80E-05  0.18E-10  0.18E-08
    460000  0.80E-05  0.18E-10  0.18E-08
    461000  0.80E-05  0.19E-10  0.18E-08
    462000  0.80E-05  0.20E-10  0.18E-08
    463000  0.80E-05  0.20E-10  0.18E-08
    464000  0.80E-05  0.19E-10  0.18E-08
    465000  0.80E-05  0.22E-10  0.18E-08
    466000  0.80E-05  0.21E-10  0.19E-08
    467000  0.80E-05  0.20E-10  0.19E-08
    468000  0.80E-05  0.20E-10  0.19E-08
    469000  0.80E-05  0.20E-10  0.19E-08
    470000  0.80E-05  0.19E-10  0.19E-08
    471000  0.80E-05  0.20E-10  0.19E-08
    472000  0.80E-05  0.19E-10  0.19E-08
    473000  0.80E-05  0.19E-10  0.19E-08
    474000  0.80E-05  0.19E-10  0.19E-08
    475000  0.80E-05  0.19E-10  0.18E-08
    476000  0.80E-05  0.16E-10  0.19E-08
    477000  0.80E-05  0.17E-10  0.19E-08
    478000  0.80E-05  0.17E-10  0.19E-08
    479000  0.80E-05  0.16E-10  0.19E-08
    480000  0.80E-05  0.15E-10  0.19E-08
    481000  0.80E-05  0.16E-10  0.18E-08
    482000  0.80E-05  0.15E-10  0.18E-08
    483000  0.80E-05  0.14E-10  0.18E-08
    484000  0.80E-05  0.14E-10  0.18E-08
    485000  0.80E-05  0.14E-10  0.18E-08
    486000  0.80E-05  0.14E-10  0.18E-08
    487000  0.80E-05  0.15E-10  0.18E-08
    488000  0.80E-05  0.13E-10  0.18E-08
    489000  0.80E-05  0.13E-10  0.18E-08
    490000  0.80E-05  0.13E-10  0.18E-08
    491000  0.80E-05  0.14E-10  0.18E-08
    492000  0.80E-05  0.16E-10  0.18E-08
    493000  0.80E-05  0.14E-10  0.18E-08
    494000  0.80E-05  0.13E-10  0.18E-08
    495000  0.80E-05  0.15E-10  0.18E-08
    496000  0.80E-05  0.13E-10  0.18E-08
    497000  0.80E-05  0.14E-10  0.18E-08
    498000  0.80E-05  0.14E-10  0.18E-08
    499000  0.80E-05  0.15E-10  0.18E-08
    500000  0.80E-05  0.16E-10  0.18E-08
    501000  0.80E-05  0.15E-10  0.18E-08
    502000  0.80E-05  0.16E-10  0.18E-08
    503000  0.80E-05  0.17E-10  0.18E-08
    504000  0.80E-05  0.17E-10  0.18E-08
    505000  0.80E-05  0.18E-10  0.18E-08
    506000  0.80E-05  0.19E-10  0.18E-08
    507000  0.80E-05  0.19E-10  0.18E-08
    508000  0.80E-05  0.19E-10  0.18E-08
    509000  0.80E-05  0.20E-10  0.18E-08
    510000  0.80E-05  0.20E-10  0.18E-08
    511000  0.80E-05  0.21E-10  0.18E-08
    512000  0.80E-05  0.22E-10  0.18E-08
    513000  0.80E-05  0.21E-10  0.18E-08
    514000  0.80E-05  0.21E-10  0.18E-08
    515000  0.80E-05  0.20E-10  0.18E-08
    516000  0.80E-05  0.20E-10  0.18E-08
    517000  0.80E-05  0.21E-10  0.18E-08
    518000  0.80E-05  0.18E-10  0.18E-08
    519000  0.80E-05  0.19E-10  0.18E-08
    520000  0.80E-05  0.20E-10  0.18E-08
    521000  0.80E-05  0.18E-10  0.18E-08
    522000  0.80E-05  0.17E-10  0.18E-08
    523000  0.80E-05  0.18E-10  0.18E-08
    524000  0.80E-05  0.16E-10  0.18E-08
    525000  0.80E-05  0.15E-10  0.18E-08
    526000  0.80E-05  0.16E-10  0.18E-08
    527000  0.80E-05  0.16E-10  0.18E-08
    528000  0.80E-05  0.14E-10  0.18E-08
    529000  0.80E-05  0.15E-10  0.18E-08
    530000  0.80E-05  0.15E-10  0.18E-08
    531000  0.80E-05  0.13E-10  0.18E-08
    532000  0.80E-05  0.14E-10  0.18E-08
    533000  0.80E-05  0.13E-10  0.18E-08
    534000  0.80E-05  0.15E-10  0.18E-08
    535000  0.80E-05  0.12E-10  0.18E-08
    536000  0.80E-05  0.14E-10  0.18E-08
    537000  0.80E-05  0.13E-10  0.18E-08
    538000  0.80E-05  0.13E-10  0.18E-08
    539000  0.80E-05  0.15E-10  0.18E-08
    540000  0.80E-05  0.14E-10  0.18E-08
    541000  0.80E-05  0.14E-10  0.18E-08
    542000  0.80E-05  0.13E-10  0.18E-08
    543000  0.80E-05  0.16E-10  0.18E-08
    544000  0.80E-05  0.15E-10  0.18E-08
    545000  0.80E-05  0.15E-10  0.18E-08
    546000  0.80E-05  0.16E-10  0.18E-08
    547000  0.80E-05  0.16E-10  0.18E-08
    548000  0.80E-05  0.17E-10  0.18E-08
    549000  0.80E-05  0.18E-10  0.18E-08
    550000  0.80E-05  0.17E-10  0.18E-08
    551000  0.80E-05  0.18E-10  0.18E-08
    552000  0.80E-05  0.19E-10  0.18E-08
    553000  0.80E-05  0.19E-10  0.18E-08
    554000  0.80E-05  0.22E-10  0.18E-08
    555000  0.80E-05  0.20E-10  0.18E-08
    556000  0.80E-05  0.20E-10  0.18E-08
    557000  0.80E-05  0.19E-10  0.18E-08
    558000  0.80E-05  0.19E-10  0.18E-08
    559000  0.80E-05  0.20E-10  0.18E-08
    560000  0.80E-05  0.20E-10  0.18E-08
    561000  0.80E-05  0.19E-10  0.18E-08
    562000  0.80E-05  0.19E-10  0.18E-08
    563000  0.80E-05  0.21E-10  0.18E-08
    564000  0.80E-05  0.18E-10  0.18E-08
    565000  0.80E-05  0.19E-10  0.18E-08
    566000  0.80E-05  0.17E-10  0.18E-08
    567000  0.80E-05  0.18E-10  0.18E-08
    568000  0.80E-05  0.18E-10  0.18E-08
    569000  0.80E-05  0.16E-10  0.18E-08
    570000  0.80E-05  0.16E-10  0.18E-08
    571000  0.80E-05  0.15E-10  0.18E-08
    572000  0.80E-05  0.17E-10  0.18E-08
    573000  0.81E-05  0.14E-10  0.18E-08
    574000  0.81E-05  0.14E-10  0.18E-08
    575000  0.81E-05  0.14E-10  0.18E-08
    576000  0.81E-05  0.14E-10  0.18E-08
    577000  0.81E-05  0.13E-10  0.18E-08
    578000  0.81E-05  0.13E-10  0.18E-08
    579000  0.81E-05  0.14E-10  0.18E-08
    580000  0.81E-05  0.14E-10  0.18E-08
    581000  0.81E-05  0.14E-10  0.18E-08
    582000  0.81E-05  0.13E-10  0.18E-08
    583000  0.81E-05  0.14E-10  0.18E-08
    584000  0.81E-05  0.13E-10  0.18E-08
    585000  0.81E-05  0.14E-10  0.18E-08
    586000  0.81E-05  0.14E-10  0.18E-08
    587000  0.81E-05  0.14E-10  0.18E-08
    588000  0.81E-05  0.14E-10  0.18E-08
    589000  0.81E-05  0.16E-10  0.18E-08
    590000  0.81E-05  0.14E-10  0.18E-08
    591000  0.81E-05  0.16E-10  0.18E-08
    592000  0.81E-05  0.17E-10  0.18E-08
    593000  0.81E-05  0.16E-10  0.18E-08
    594000  0.81E-05  0.16E-10  0.18E-08
    595000  0.81E-05  0.18E-10  0.18E-08
    596000  0.81E-05  0.18E-10  0.18E-08
    597000  0.81E-05  0.19E-10  0.18E-08
    598000  0.81E-05  0.18E-10  0.18E-08
    599000  0.81E-05  0.21E-10  0.18E-08
    600000  0.81E-05  0.22E-10  0.18E-08
    601000  0.81E-05  0.22E-10  0.18E-08
    602000  0.81E-05  0.20E-10  0.18E-08
    603000  0.81E-05  0.19E-10  0.18E-08
    604000  0.81E-05  0.21E-10  0.18E-08
    605000  0.81E-05  0.20E-10  0.18E-08
    606000  0.81E-05  0.19E-10  0.18E-08
    607000  0.81E-05  0.21E-10  0.18E-08
    608000  0.81E-05  0.19E-10  0.18E-08
    609000  0.81E-05  0.20E-10  0.18E-08
    610000  0.81E-05  0.19E-10  0.18E-08
    611000  0.81E-05  0.19E-10  0.18E-08
    612000  0.81E-05  0.18E-10  0.18E-08
    613000  0.81E-05  0.17E-10  0.18E-08
    614000  0.81E-05  0.18E-10  0.18E-08
    615000  0.81E-05  0.16E-10  0.18E-08
    616000  0.81E-05  0.17E-10  0.18E-08
    617000  0.81E-05  0.16E-10  0.18E-08
    618000  0.81E-05  0.16E-10  0.18E-08
    619000  0.81E-05  0.15E-10  0.18E-08
    620000  0.81E-05  0.13E-10  0.18E-08
    621000  0.81E-05  0.14E-10  0.18E-08
    622000  0.81E-05  0.14E-10  0.18E-08
    623000  0.81E-05  0.14E-10  0.18E-08
    624000  0.81E-05  0.15E-10  0.18E-08
    625000  0.81E-05  0.14E-10  0.18E-08
    626000  0.81E-05  0.16E-10  0.18E-08
    627000  0.81E-05  0.14E-10  0.18E-08
    628000  0.81E-05  0.14E-10  0.18E-08
    629000  0.81E-05  0.14E-10  0.18E-08
    630000  0.81E-05  0.14E-10  0.18E-08
    631000  0.81E-05  0.13E-10  0.18E-08
    632000  0.81E-05  0.15E-10  0.18E-08
    633000  0.81E-05  0.14E-10  0.18E-08
    634000  0.81E-05  0.15E-10  0.18E-08
    635000  0.81E-05  0.15E-10  0.18E-08
    636000  0.81E-05  0.14E-10  0.18E-08
    637000  0.81E-05  0.15E-10  0.18E-08
    638000  0.81E-05  0.16E-10  0.18E-08
    639000  0.81E-05  0.17E-10  0.18E-08
    640000  0.81E-05  0.17E-10  0.18E-08
    641000  0.81E-05  0.18E-10  0.18E-08
    642000  0.81E-05  0.17E-10  0.18E-08
    643000  0.81E-05  0.19E-10  0.18E-08
    644000  0.81E-05  0.19E-10  0.18E-08
    645000  0.81E-05  0.19E-10  0.18E-08
    646000  0.81E-05  0.22E-10  0.18E-08
    647000  0.81E-05  0.20E-10  0.18E-08
    648000  0.81E-05  0.20E-10  0.18E-08
    649000  0.81E-05  0.22E-10  0.18E-08
    650000  0.81E-05  0.21E-10  0.18E-08
    651000  0.81E-05  0.23E-10  0.18E-08
    652000  0.81E-05  0.20E-10  0.18E-08
    653000  0.81E-05  0.20E-10  0.18E-08
    654000  0.81E-05  0.21E-10  0.18E-08
    655000  0.81E-05  0.19E-10  0.18E-08
    656000  0.81E-05  0.19E-10  0.18E-08
    657000  0.81E-05  0.19E-10  0.18E-08
    658000  0.81E-05  0.18E-10  0.18E-08
    659000  0.81E-05  0.17E-10  0.18E-08
    660000  0.81E-05  0.19E-10  0.18E-08
    661000  0.81E-05  0.17E-10  0.18E-08
    662000  0.81E-05  0.16E-10  0.18E-08
    663000  0.81E-05  0.15E-10  0.18E-08
    664000  0.81E-05  0.15E-10  0.18E-08
    665000  0.81E-05  0.16E-10  0.18E-08
    666000  0.81E-05  0.15E-10  0.18E-08
    667000  0.81E-05  0.15E-10  0.18E-08
    668000  0.81E-05  0.14E-10  0.18E-08
    669000  0.81E-05  0.15E-10  0.18E-08
    670000  0.81E-05  0.13E-10  0.18E-08
    671000  0.81E-05  0.14E-10  0.18E-08
    672000  0.81E-05  0.13E-10  0.18E-08
    673000  0.81E-05  0.14E-10  0.18E-08
    674000  0.81E-05  0.14E-10  0.18E-08
    675000  0.81E-05  0.14E-10  0.18E-08
    676000  0.81E-05  0.13E-10  0.18E-08
    677000  0.81E-05  0.13E-10  0.18E-08
    678000  0.81E-05  0.13E-10  0.18E-08
    679000  0.81E-05  0.14E-10  0.18E-08
    680000  0.81E-05  0.14E-10  0.18E-08
    681000  0.81E-05  0.15E-10  0.18E-08
    682000  0.81E-05  0.16E-10  0.18E-08
    683000  0.81E-05  0.16E-10  0.18E-08
    684000  0.81E-05  0.16E-10  0.18E-08
    685000  0.81E-05  0.16E-10  0.18E-08
    686000  0.81E-05  0.17E-10  0.18E-08
    687000  0.81E-05  0.17E-10  0.18E-08
    688000  0.81E-05  0.19E-10  0.18E-08
    689000  0.81E-05  0.20E-10  0.18E-08
    690000  0.81E-05  0.19E-10  0.18E-08
    691000  0.81E-05  0.20E-10  0.18E-08
    692000  0.81E-05  0.20E-10  0.18E-08
    693000  0.81E-05  0.20E-10  0.18E-08
    694000  0.81E-05  0.20E-10  0.18E-08
    695000  0.81E-05  0.18E-10  0.18E-08
    696000  0.81E-05  0.22E-10  0.18E-08
    697000  0.81E-05  0.20E-10  0.18E-08
    698000  0.81E-05  0.19E-10  0.18E-08
    699000  0.81E-05  0.22E-10  0.18E-08
    700000  0.81E-05  0.19E-10  0.18E-08
    701000  0.81E-05  0.19E-10  0.18E-08
    702000  0.81E-05  0.19E-10  0.18E-08
    703000  0.81E-05  0.18E-10  0.18E-08
    704000  0.81E-05  0.18E-10  0.18E-08
    705000  0.81E-05  0.18E-10  0.18E-08
    706000  0.81E-05  0.18E-10  0.18E-08
    707000  0.81E-05  0.16E-10  0.18E-08
    708000  0.81E-05  0.16E-10  0.18E-08
    709000  0.81E-05  0.16E-10  0.18E-08
    710000  0.81E-05  0.15E-10  0.18E-08
    711000  0.81E-05  0.15E-10  0.18E-08
    712000  0.82E-05  0.15E-10  0.18E-08
    713000  0.82E-05  0.15E-10  0.18E-08
    714000  0.82E-05  0.14E-10  0.18E-08
    715000  0.82E-05  0.14E-10  0.18E-08
    716000  0.82E-05  0.15E-10  0.18E-08
    717000  0.82E-05  0.14E-10  0.18E-08
    718000  0.82E-05  0.13E-10  0.18E-08
    719000  0.82E-05  0.14E-10  0.18E-08
    720000  0.82E-05  0.13E-10  0.18E-08
    721000  0.82E-05  0.13E-10  0.18E-08
    722000  0.82E-05  0.14E-10  0.18E-08
    723000  0.82E-05  0.15E-10  0.18E-08
    724000  0.82E-05  0.13E-10  0.18E-08
    725000  0.82E-05  0.15E-10  0.18E-08
    726000  0.82E-05  0.14E-10  0.18E-08
    727000  0.82E-05  0.15E-10  0.18E-08
    728000  0.82E-05  0.14E-10  0.18E-08
    729000  0.82E-05  0.15E-10  0.18E-08
    730000  0.82E-05  0.15E-10  0.18E-08
    731000  0.82E-05  0.16E-10  0.18E-08
    732000  0.82E-05  0.17E-10  0.18E-08
    733000  0.82E-05  0.16E-10  0.18E-08
    734000  0.82E-05  0.17E-10  0.18E-08
    735000  0.82E-05  0.18E-10  0.18E-08
    736000  0.82E-05  0.18E-10  0.18E-08
    737000  0.82E-05  0.18E-10  0.18E-08
    738000  0.82E-05  0.19E-10  0.18E-08
    739000  0.82E-05  0.21E-10  0.18E-08
    740000  0.82E-05  0.20E-10  0.18E-08
    741000  0.82E-05  0.19E-10  0.18E-08
    742000  0.82E-05  0.20E-10  0.18E-08
    743000  0.82E-05  0.20E-10  0.18E-08
    744000  0.82E-05  0.19E-10  0.18E-08
    745000  0.82E-05  0.21E-10  0.18E-08
    746000  0.82E-05  0.20E-10  0.18E-08
    747000  0.82E-05  0.19E-10  0.18E-08
    748000  0.82E-05  0.18E-10  0.18E-08
    749000  0.82E-05  0.18E-10  0.18E-08
    750000  0.82E-05  0.18E-10  0.18E-08
    751000  0.82E-05  0.19E-10  0.18E-08
    752000  0.82E-05  0.18E-10  0.18E-08
    753000  0.82E-05  0.16E-10  0.18E-08
    754000  0.82E-05  0.16E-10  0.18E-08
    755000  0.82E-05  0.15E-10  0.18E-08
    756000  0.82E-05  0.15E-10  0.18E-08
    757000  0.82E-05  0.16E-10  0.18E-08
    758000  0.82E-05  0.15E-10  0.18E-08
    759000  0.82E-05  0.14E-10  0.18E-08
    760000  0.82E-05  0.14E-10  0.18E-08
    761000  0.82E-05  0.14E-10  0.18E-08
    762000  0.82E-05  0.13E-10  0.18E-08
    763000  0.82E-05  0.14E-10  0.18E-08
    764000  0.82E-05  0.14E-10  0.18E-08
    765000  0.82E-05  0.13E-10  0.18E-08
    766000  0.82E-05  0.14E-10  0.18E-08
    767000  0.82E-05  0.14E-10  0.18E-08
    768000  0.82E-05  0.14E-10  0.18E-08
    769000  0.82E-05  0.14E-10  0.18E-08
    770000  0.82E-05  0.13E-10  0.18E-08
    771000  0.82E-05  0.14E-10  0.18E-08
    772000  0.82E-05  0.13E-10  0.18E-08
    773000  0.82E-05  0.14E-10  0.18E-08
    774000  0.82E-05  0.14E-10  0.18E-08
    775000  0.82E-05  0.15E-10  0.18E-08
    776000  0.82E-05  0.15E-10  0.18E-08
    777000  0.82E-05  0.16E-10  0.18E-08
    778000  0.82E-05  0.17E-10  0.18E-08
    779000  0.82E-05  0.17E-10  0.18E-08
    780000  0.82E-05  0.17E-10  0.18E-08
    781000  0.82E-05  0.18E-10  0.18E-08
    782000  0.82E-05  0.18E-10  0.18E-08
    783000  0.82E-05  0.22E-10  0.18E-08
    784000  0.82E-05  0.22E-10  0.18E-08
    785000  0.82E-05  0.24E-10  0.18E-08
    786000  0.82E-05  0.20E-10  0.18E-08
    787000  0.82E-05  0.19E-10  0.18E-08
    788000  0.82E-05  0.21E-10  0.18E-08
    789000  0.82E-05  0.20E-10  0.18E-08
    790000  0.82E-05  0.20E-10  0.18E-08
    791000  0.82E-05  0.21E-10  0.18E-08
    792000  0.82E-05  0.21E-10  0.18E-08
    793000  0.82E-05  0.22E-10  0.18E-08
    794000  0.82E-05  0.20E-10  0.18E-08
    795000  0.82E-05  0.19E-10  0.18E-08
    796000  0.82E-05  0.18E-10  0.18E-08
    797000  0.82E-05  0.20E-10  0.18E-08
    798000  0.82E-05  0.18E-10  0.18E-08
    799000  0.82E-05  0.17E-10  0.18E-08
    800000  0.82E-05  0.17E-10  0.18E-08
    801000  0.82E-05  0.16E-10  0.18E-08
    802000  0.82E-05  0.16E-10  0.18E-08
    803000  0.82E-05  0.15E-10  0.18E-08
    804000  0.82E-05  0.17E-10  0.18E-08
    805000  0.82E-05  0.15E-10  0.18E-08
    806000  0.82E-05  0.14E-10  0.18E-08
    807000  0.82E-05  0.17E-10  0.18E-08
    808000  0.82E-05  0.14E-10  0.18E-08
    809000  0.82E-05  0.14E-10  0.18E-08
    810000  0.82E-05  0.13E-10  0.18E-08
    811000  0.82E-05  0.14E-10  0.18E-08
    812000  0.82E-05  0.13E-10  0.18E-08
    813000  0.82E-05  0.13E-10  0.18E-08
    814000  0.82E-05  0.14E-10  0.18E-08
    815000  0.82E-05  0.14E-10  0.18E-08
    816000  0.82E-05  0.14E-10  0.18E-08
    817000  0.82E-05  0.14E-10  0.18E-08
    818000  0.82E-05  0.14E-10  0.18E-08
    819000  0.82E-05  0.15E-10  0.18E-08
    820000  0.82E-05  0.15E-10  0.18E-08
    821000  0.82E-05  0.15E-10  0.18E-08
    822000  0.82E-05  0.15E-10  0.18E-08
    823000  0.82E-05  0.16E-10  0.18E-08
    824000  0.82E-05  0.16E-10  0.18E-08
    825000  0.82E-05  0.17E-10  0.18E-08
    826000  0.82E-05  0.17E-10  0.18E-08
    827000  0.82E-05  0.17E-10  0.18E-08
    828000  0.82E-05  0.19E-10  0.18E-08
    829000  0.82E-05  0.20E-10  0.18E-08
    830000  0.82E-05  0.18E-10  0.18E-08
    831000  0.82E-05  0.18E-10  0.18E-08
    832000  0.82E-05  0.20E-10  0.18E-08
    833000  0.82E-05  0.20E-10  0.18E-08
    834000  0.82E-05  0.19E-10  0.18E-08
    835000  0.82E-05  0.20E-10  0.18E-08
    836000  0.82E-05  0.19E-10  0.18E-08
    837000  0.82E-05  0.20E-10  0.18E-08
    838000  0.82E-05  0.19E-10  0.18E-08
    839000  0.82E-05  0.19E-10  0.18E-08
    840000  0.82E-05  0.18E-10  0.18E-08
    841000  0.82E-05  0.18E-10  0.18E-08
    842000  0.82E-05  0.17E-10  0.18E-08
    843000  0.82E-05  0.16E-10  0.18E-08
    844000  0.82E-05  0.18E-10  0.18E-08
    845000  0.82E-05  0.17E-10  0.18E-08
    846000  0.82E-05  0.20E-10  0.18E-08
    847000  0.82E-05  0.17E-10  0.18E-08
    848000  0.82E-05  0.16E-10  0.18E-08
    849000  0.82E-05  0.15E-10  0.18E-08
    850000  0.83E-05  0.16E-10  0.18E-08
    851000  0.83E-05  0.15E-10  0.18E-08
    852000  0.83E-05  0.16E-10  0.18E-08
    853000  0.83E-05  0.15E-10  0.18E-08
    854000  0.83E-05  0.14E-10  0.18E-08
    855000  0.83E-05  0.14E-10  0.18E-08
    856000  0.83E-05  0.14E-10  0.18E-08
    857000  0.83E-05  0.14E-10  0.18E-08
    858000  0.83E-05  0.17E-10  0.18E-08
    859000  0.83E-05  0.14E-10  0.18E-08
    860000  0.83E-05  0.14E-10  0.18E-08
    861000  0.83E-05  0.15E-10  0.18E-08
    862000  0.83E-05  0.15E-10  0.18E-08
    863000  0.83E-05  0.14E-10  0.18E-08
    864000  0.83E-05  0.14E-10  0.18E-08
    865000  0.83E-05  0.15E-10  0.18E-08
    866000  0.83E-05  0.15E-10  0.18E-08
    867000  0.83E-05  0.17E-10  0.18E-08
    868000  0.83E-05  0.16E-10  0.18E-08
    869000  0.83E-05  0.17E-10  0.18E-08
    870000  0.83E-05  0.16E-10  0.18E-08
    871000  0.83E-05  0.18E-10  0.18E-08
    872000  0.83E-05  0.17E-10  0.18E-08
    873000  0.83E-05  0.18E-10  0.18E-08
    874000  0.83E-05  0.17E-10  0.18E-08
    875000  0.83E-05  0.18E-10  0.18E-08
    876000  0.83E-05  0.19E-10  0.18E-08
    877000  0.83E-05  0.21E-10  0.18E-08
    878000  0.83E-05  0.19E-10  0.18E-08
    879000  0.83E-05  0.21E-10  0.18E-08
    880000  0.83E-05  0.20E-10  0.18E-08
    881000  0.83E-05  0.18E-10  0.18E-08
    882000  0.83E-05  0.19E-10  0.18E-08
    883000  0.83E-05  0.20E-10  0.18E-08
    884000  0.83E-05  0.18E-10  0.18E-08
    885000  0.83E-05  0.21E-10  0.18E-08
    886000  0.83E-05  0.18E-10  0.18E-08
    887000  0.83E-05  0.18E-10  0.18E-08
    888000  0.83E-05  0.18E-10  0.18E-08
    889000  0.83E-05  0.19E-10  0.18E-08
    890000  0.83E-05  0.17E-10  0.18E-08
    891000  0.83E-05  0.16E-10  0.18E-08
    892000  0.83E-05  0.17E-10  0.18E-08
    893000  0.83E-05  0.18E-10  0.18E-08
    894000  0.83E-05  0.18E-10  0.18E-08
    895000  0.83E-05  0.18E-10  0.18E-08
    896000  0.83E-05  0.15E-10  0.18E-08
    897000  0.83E-05  0.15E-10  0.18E-08
    898000  0.83E-05  0.14E-10  0.18E-08
    899000  0.83E-05  0.15E-10  0.18E-08
    900000  0.83E-05  0.15E-10  0.18E-08
    901000  0.83E-05  0.14E-10  0.18E-08
    902000  0.83E-05  0.15E-10  0.18E-08
    903000  0.83E-05  0.15E-10  0.18E-08
    904000  0.83E-05  0.14E-10  0.18E-08
    905000  0.83E-05  0.15E-10  0.18E-08
    906000  0.83E-05  0.18E-10  0.18E-08
    907000  0.83E-05  0.17E-10  0.18E-08
    908000  0.83E-05  0.14E-10  0.18E-08
    909000  0.83E-05  0.15E-10  0.18E-08
    910000  0.83E-05  0.16E-10  0.18E-08
    911000  0.83E-05  0.15E-10  0.18E-08
    912000  0.83E-05  0.16E-10  0.18E-08
    913000  0.83E-05  0.16E-10  0.18E-08
    914000  0.83E-05  0.17E-10  0.18E-08
    915000  0.83E-05  0.17E-10  0.18E-08
    916000  0.83E-05  0.18E-10  0.18E-08
    917000  0.83E-05  0.17E-10  0.18E-08
    918000  0.83E-05  0.18E-10  0.18E-08
    919000  0.83E-05  0.19E-10  0.18E-08
    920000  0.83E-05  0.19E-10  0.18E-08
    921000  0.83E-05  0.18E-10  0.18E-08
    922000  0.83E-05  0.21E-10  0.18E-08
    923000  0.83E-05  0.20E-10  0.18E-08
    924000  0.83E-05  0.18E-10  0.18E-08
    925000  0.83E-05  0.18E-10  0.18E-08
    926000  0.83E-05  0.18E-10  0.18E-08
    927000  0.83E-05  0.18E-10  0.18E-08
    928000  0.83E-05  0.18E-10  0.18E-08
    929000  0.83E-05  0.18E-10  0.18E-08
    930000  0.83E-05  0.18E-10  0.18E-08
    931000  0.83E-05  0.18E-10  0.18E-08
    932000  0.83E-05  0.18E-10  0.18E-08
    933000  0.83E-05  0.17E-10  0.18E-08
    934000  0.83E-05  0.18E-10  0.18E-08
    935000  0.83E-05  0.19E-10  0.18E-08
    936000  0.83E-05  0.17E-10  0.18E-08
    937000  0.83E-05  0.17E-10  0.18E-08
    938000  0.83E-05  0.17E-10  0.18E-08
    939000  0.83E-05  0.17E-10  0.18E-08
    940000  0.83E-05  0.16E-10  0.18E-08
    941000  0.83E-05  0.15E-10  0.18E-08
    942000  0.83E-05  0.16E-10  0.18E-08
    943000  0.83E-05  0.15E-10  0.18E-08
    944000  0.83E-05  0.14E-10  0.18E-08
    945000  0.83E-05  0.15E-10  0.18E-08
    946000  0.83E-05  0.15E-10  0.18E-08
    947000  0.83E-05  0.15E-10  0.18E-08
    948000  0.83E-05  0.14E-10  0.18E-08
    949000  0.83E-05  0.16E-10  0.18E-08
    950000  0.83E-05  0.14E-10  0.18E-08
    951000  0.83E-05  0.14E-10  0.18E-08
    952000  0.83E-05  0.18E-10  0.18E-08
    953000  0.83E-05  0.18E-10  0.18E-08
    954000  0.83E-05  0.16E-10  0.18E-08
    955000  0.83E-05  0.15E-10  0.18E-08
    956000  0.83E-05  0.16E-10  0.18E-08
    957000  0.83E-05  0.16E-10  0.18E-08
    958000  0.83E-05  0.18E-10  0.18E-08
    959000  0.83E-05  0.17E-10  0.18E-08
    960000  0.83E-05  0.16E-10  0.18E-08
    961000  0.83E-05  0.16E-10  0.18E-08
    962000  0.83E-05  0.18E-10  0.18E-08
    963000  0.83E-05  0.16E-10  0.18E-08
    964000  0.83E-05  0.19E-10  0.18E-08
    965000  0.83E-05  0.19E-10  0.18E-08
    966000  0.83E-05  0.18E-10  0.18E-08
    967000  0.83E-05  0.18E-10  0.18E-08
    968000  0.83E-05  0.18E-10  0.18E-08
    969000  0.83E-05  0.19E-10  0.18E-08
    970000  0.83E-05  0.18E-10  0.18E-08
    971000  0.83E-05  0.18E-10  0.18E-08
    972000  0.83E-05  0.17E-10  0.18E-08
    973000  0.83E-05  0.18E-10  0.18E-08
    974000  0.83E-05  0.18E-10  0.18E-08
    975000  0.83E-05  0.19E-10  0.18E-08
    976000  0.83E-05  0.18E-10  0.18E-08
    977000  0.83E-05  0.18E-10  0.18E-08
    978000  0.83E-05  0.17E-10  0.18E-08
    979000  0.83E-05  0.17E-10  0.18E-08
    980000  0.83E-05  0.17E-10  0.18E-08
    981000  0.83E-05  0.16E-10  0.18E-08
    982000  0.83E-05  0.16E-10  0.18E-08
    983000  0.83E-05  0.16E-10  0.18E-08
    984000  0.83E-05  0.16E-10  0.18E-08
    985000  0.83E-05  0.16E-10  0.18E-08
    986000  0.83E-05  0.16E-10  0.18E-08
    987000  0.83E-05  0.17E-10  0.18E-08
    988000  0.83E-05  0.17E-10  0.18E-08
    989000  0.84E-05  0.15E-10  0.18E-08
    990000  0.84E-05  0.16E-10  0.18E-08
    991000  0.84E-05  0.15E-10  0.18E-08
    992000  0.84E-05  0.16E-10  0.18E-08
    993000  0.84E-05  0.15E-10  0.18E-08
    994000  0.84E-05  0.15E-10  0.18E-08
    995000  0.84E-05  0.16E-10  0.18E-08
    996000  0.84E-05  0.15E-10  0.18E-08
    997000  0.84E-05  0.15E-10  0.18E-08
    998000  0.84E-05  0.16E-10  0.18E-08
    999000  0.84E-05  0.15E-10  0.18E-08
   1000000  0.84E-05  0.15E-10  0.18E-08
   1001000  0.84E-05  0.17E-10  0.18E-08
   1002000  0.84E-05  0.16E-10  0.18E-08
   1003000  0.84E-05  0.16E-10  0.18E-08
   1004000  0.84E-05  0.15E-10  0.18E-08
   1005000  0.84E-05  0.16E-10  0.18E-08
   1006000  0.84E-05  0.16E-10  0.18E-08
   1007000  0.84E-05  0.17E-10  0.18E-08
   1008000  0.84E-05  0.19E-10  0.18E-08
   1009000  0.84E-05  0.18E-10  0.18E-08
   1010000  0.84E-05  0.18E-10  0.18E-08
   1011000  0.84E-05  0.17E-10  0.18E-08
   1012000  0.84E-05  0.18E-10  0.18E-08
   1013000  0.84E-05  0.17E-10  0.18E-08
   1014000  0.84E-05  0.17E-10  0.18E-08
   1015000  0.84E-05  0.16E-10  0.18E-08
   1016000  0.84E-05  0.17E-10  0.18E-08
   1017000  0.84E-05  0.17E-10  0.18E-08
   1018000  0.84E-05  0.20E-10  0.18E-08
   1019000  0.84E-05  0.17E-10  0.18E-08
   1020000  0.84E-05  0.17E-10  0.18E-08
   1021000  0.84E-05  0.17E-10  0.18E-08
   1022000  0.84E-05  0.18E-10  0.18E-08
   1023000  0.84E-05  0.19E-10  0.18E-08
   1024000  0.84E-05  0.16E-10  0.18E-08
   1025000  0.84E-05  0.17E-10  0.18E-08
   1026000  0.84E-05  0.17E-10  0.18E-08
   1027000  0.84E-05  0.16E-10  0.18E-08
   1028000  0.84E-05  0.17E-10  0.18E-08
   1029000  0.84E-05  0.18E-10  0.18E-08
   1030000  0.84E-05  0.17E-10  0.18E-08
   1031000  0.84E-05  0.17E-10  0.18E-08
   1032000  0.84E-05  0.16E-10  0.18E-08
   1033000  0.84E-05  0.15E-10  0.18E-08
   1034000  0.84E-05  0.15E-10  0.18E-08
   1035000  0.84E-05  0.18E-10  0.18E-08
   1036000  0.84E-05  0.16E-10  0.18E-08
   1037000  0.84E-05  0.16E-10  0.18E-08
   1038000  0.84E-05  0.16E-10  0.18E-08
   1039000  0.84E-05  0.16E-10  0.18E-08
   1040000  0.84E-05  0.16E-10  0.18E-08
   1041000  0.84E-05  0.16E-10  0.18E-08
   1042000  0.84E-05  0.16E-10  0.18E-08
   1043000  0.84E-05  0.16E-10  0.18E-08
   1044000  0.84E-05  0.16E-10  0.18E-08
   1045000  0.84E-05  0.15E-10  0.18E-08
   1046000  0.84E-05  0.16E-10  0.18E-08
   1047000  0.84E-05  0.16E-10  0.18E-08
   1048000  0.84E-05  0.16E-10  0.18E-08
   1049000  0.84E-05  0.17E-10  0.18E-08
   1050000  0.84E-05  0.17E-10  0.18E-08
   1051000  0.84E-05  0.19E-10  0.18E-08
   1052000  0.84E-05  0.16E-10  0.18E-08
   1053000  0.84E-05  0.16E-10  0.18E-08
   1054000  0.84E-05  0.16E-10  0.18E-08
   1055000  0.84E-05  0.17E-10  0.18E-08
   1056000  0.84E-05  0.17E-10  0.18E-08
   1057000  0.84E-05  0.16E-10  0.18E-08
   1058000  0.84E-05  0.16E-10  0.18E-08
   1059000  0.84E-05  0.15E-10  0.18E-08
   1060000  0.84E-05  0.14E-10  0.18E-08
   1061000  0.84E-05  0.15E-10  0.18E-08
   1062000  0.84E-05  0.15E-10  0.18E-08
   1063000  0.84E-05  0.17E-10  0.18E-08
   1064000  0.84E-05  0.15E-10  0.18E-08
   1065000  0.84E-05  0.15E-10  0.18E-08
   1066000  0.84E-05  0.15E-10  0.18E-08
   1067000  0.84E-05  0.15E-10  0.18E-08
   1068000  0.84E-05  0.15E-10  0.18E-08
   1069000  0.84E-05  0.16E-10  0.18E-08
   1070000  0.84E-05  0.15E-10  0.18E-08
   1071000  0.84E-05  0.15E-10  0.18E-08
   1072000  0.84E-05  0.15E-10  0.18E-08
   1073000  0.84E-05  0.15E-10  0.18E-08
   1074000  0.84E-05  0.16E-10  0.18E-08
   1075000  0.84E-05  0.14E-10  0.18E-08
   1076000  0.84E-05  0.15E-10  0.18E-08
   1077000  0.84E-05  0.17E-10  0.18E-08
   1078000  0.84E-05  0.16E-10  0.18E-08
   1079000  0.84E-05  0.15E-10  0.18E-08
   1080000  0.84E-05  0.16E-10  0.18E-08
   1081000  0.84E-05  0.15E-10  0.18E-08
   1082000  0.84E-05  0.14E-10  0.18E-08
   1083000  0.84E-05  0.15E-10  0.18E-08
   1084000  0.84E-05  0.15E-10  0.18E-08
   1085000  0.84E-05  0.15E-10  0.18E-08
   1086000  0.84E-05  0.16E-10  0.18E-08
   1087000  0.84E-05  0.16E-10  0.18E-08
   1088000  0.84E-05  0.16E-10  0.18E-08
   1089000  0.84E-05  0.15E-10  0.18E-08
   1090000  0.84E-05  0.15E-10  0.18E-08
   1091000  0.84E-05  0.15E-10  0.18E-08
   1092000  0.84E-05  0.16E-10  0.18E-08
   1093000  0.84E-05  0.14E-10  0.18E-08
   1094000  0.84E-05  0.15E-10  0.18E-08
   1095000  0.84E-05  0.16E-10  0.18E-08
   1096000  0.84E-05  0.15E-10  0.18E-08
   1097000  0.84E-05  0.15E-10  0.18E-08
   1098000  0.84E-05  0.15E-10  0.18E-08
   1099000  0.84E-05  0.16E-10  0.18E-08
   1100000  0.84E-05  0.15E-10  0.18E-08
   1101000  0.84E-05  0.14E-10  0.18E-08
   1102000  0.84E-05  0.14E-10  0.18E-08
   1103000  0.84E-05  0.15E-10  0.18E-08
   1104000  0.84E-05  0.15E-10  0.18E-08
   1105000  0.84E-05  0.17E-10  0.18E-08
   1106000  0.84E-05  0.15E-10  0.18E-08
   1107000  0.84E-05  0.16E-10  0.18E-08
   1108000  0.84E-05  0.15E-10  0.18E-08
   1109000  0.84E-05  0.15E-10  0.18E-08
   1110000  0.84E-05  0.15E-10  0.18E-08
   1111000  0.84E-05  0.16E-10  0.18E-08
   1112000  0.84E-05  0.14E-10  0.18E-08
   1113000  0.84E-05  0.16E-10  0.18E-08
   1114000  0.84E-05  0.15E-10  0.18E-08
   1115000  0.84E-05  0.16E-10  0.18E-08
   1116000  0.84E-05  0.16E-10  0.18E-08
   1117000  0.84E-05  0.15E-10  0.18E-08
   1118000  0.84E-05  0.15E-10  0.18E-08
   1119000  0.84E-05  0.15E-10  0.18E-08
   1120000  0.84E-05  0.15E-10  0.18E-08
   1121000  0.84E-05  0.16E-10  0.18E-08
   1122000  0.84E-05  0.14E-10  0.18E-08
   1123000  0.84E-05  0.16E-10  0.18E-08
   1124000  0.84E-05  0.15E-10  0.18E-08
   1125000  0.84E-05  0.15E-10  0.18E-08
   1126000  0.84E-05  0.17E-10  0.18E-08
   1127000  0.84E-05  0.16E-10  0.18E-08
   1128000  0.84E-05  0.17E-10  0.18E-08
   1129000  0.85E-05  0.16E-10  0.18E-08
   1130000  0.85E-05  0.15E-10  0.18E-08
   1131000  0.85E-05  0.16E-10  0.18E-08
   1132000  0.85E-05  0.15E-10  0.18E-08
   1133000  0.85E-05  0.15E-10  0.18E-08
   1134000  0.85E-05  0.15E-10  0.18E-08
   1135000  0.85E-05  0.15E-10  0.18E-08
   1136000  0.85E-05  0.14E-10  0.18E-08
   1137000  0.85E-05  0.15E-10  0.18E-08
   1138000  0.85E-05  0.17E-10  0.18E-08
   1139000  0.85E-05  0.15E-10  0.18E-08
   1140000  0.85E-05  0.14E-10  0.18E-08
   1141000  0.85E-05  0.16E-10  0.18E-08
   1142000  0.85E-05  0.14E-10  0.18E-08
   1143000  0.85E-05  0.15E-10  0.18E-08
   1144000  0.85E-05  0.15E-10  0.18E-08
   1145000  0.85E-05  0.15E-10  0.18E-08
   1146000  0.85E-05  0.15E-10  0.18E-08
   1147000  0.85E-05  0.16E-10  0.18E-08
   1148000  0.85E-05  0.16E-10  0.18E-08
   1149000  0.85E-05  0.16E-10  0.18E-08
   1150000  0.85E-05  0.14E-10  0.18E-08
   1151000  0.85E-05  0.15E-10  0.18E-08
   1152000  0.85E-05  0.15E-10  0.18E-08
   1153000  0.85E-05  0.16E-10  0.18E-08
   1154000  0.85E-05  0.15E-10  0.18E-08
   1155000  0.85E-05  0.16E-10  0.18E-08
   1156000  0.85E-05  0.15E-10  0.18E-08
   1157000  0.85E-05  0.17E-10  0.18E-08
   1158000  0.85E-05  0.16E-10  0.18E-08
   1159000  0.85E-05  0.15E-10  0.18E-08
   1160000  0.85E-05  0.15E-10  0.18E-08
   1161000  0.85E-05  0.16E-10  0.18E-08
   1162000  0.85E-05  0.15E-10  0.18E-08
   1163000  0.85E-05  0.15E-10  0.18E-08
   1164000  0.85E-05  0.14E-10  0.18E-08
   1165000  0.85E-05  0.15E-10  0.18E-08
   1166000  0.85E-05  0.14E-10  0.18E-08
   1167000  0.85E-05  0.14E-10  0.18E-08
   1168000  0.85E-05  0.15E-10  0.18E-08
   1169000  0.85E-05  0.16E-10  0.18E-08
   1170000  0.85E-05  0.15E-10  0.18E-08
   1171000  0.85E-05  0.15E-10  0.18E-08
   1172000  0.85E-05  0.16E-10  0.18E-08
   1173000  0.85E-05  0.15E-10  0.18E-08
   1174000  0.85E-05  0.15E-10  0.18E-08
   1175000  0.85E-05  0.16E-10  0.18E-08
   1176000  0.85E-05  0.15E-10  0.18E-08
   1177000  0.85E-05  0.16E-10  0.18E-08
   1178000  0.85E-05  0.16E-10  0.18E-08
   1179000  0.85E-05  0.15E-10  0.18E-08
   1180000  0.85E-05  0.16E-10  0.18E-08
   1181000  0.85E-05  0.15E-10  0.18E-08
   1182000  0.85E-05  0.14E-10  0.18E-08
   1183000  0.85E-05  0.14E-10  0.18E-08
   1184000  0.85E-05  0.16E-10  0.18E-08
   1185000  0.85E-05  0.15E-10  0.18E-08
   1186000  0.85E-05  0.16E-10  0.18E-08
   1187000  0.85E-05  0.15E-10  0.18E-08
   1188000  0.85E-05  0.17E-10  0.18E-08
   1189000  0.85E-05  0.15E-10  0.18E-08
   1190000  0.85E-05  0.16E-10  0.18E-08
   1191000  0.85E-05  0.15E-10  0.18E-08
   1192000  0.85E-05  0.15E-10  0.18E-08
   1193000  0.85E-05  0.15E-10  0.18E-08
   1194000  0.85E-05  0.15E-10  0.18E-08
   1195000  0.85E-05  0.15E-10  0.18E-08
   1196000  0.85E-05  0.16E-10  0.18E-08
   1197000  0.85E-05  0.15E-10  0.18E-08
   1198000  0.85E-05  0.15E-10  0.18E-08
   1199000  0.85E-05  0.15E-10  0.18E-08
   1200000  0.85E-05  0.15E-10  0.18E-08
   1201000  0.85E-05  0.16E-10  0.18E-08
   1202000  0.85E-05  0.16E-10  0.18E-08
   1203000  0.85E-05  0.15E-10  0.18E-08
   1204000  0.85E-05  0.15E-10  0.18E-08
   1205000  0.85E-05  0.15E-10  0.18E-08
   1206000  0.85E-05  0.16E-10  0.18E-08
   1207000  0.85E-05  0.15E-10  0.18E-08
   1208000  0.85E-05  0.15E-10  0.18E-08
   1209000  0.85E-05  0.15E-10  0.18E-08
   1210000  0.85E-05  0.15E-10  0.18E-08
   1211000  0.85E-05  0.15E-10  0.18E-08
   1212000  0.85E-05  0.15E-10  0.18E-08
   1213000  0.85E-05  0.15E-10  0.18E-08
   1214000  0.85E-05  0.15E-10  0.18E-08
   1215000  0.85E-05  0.15E-10  0.18E-08
   1216000  0.85E-05  0.14E-10  0.18E-08
   1217000  0.85E-05  0.15E-10  0.18E-08
   1218000  0.85E-05  0.16E-10  0.18E-08
   1219000  0.85E-05  0.15E-10  0.18E-08
   1220000  0.85E-05  0.15E-10  0.18E-08
   1221000  0.85E-05  0.15E-10  0.18E-08
   1222000  0.85E-05  0.16E-10  0.18E-08
   1223000  0.85E-05  0.15E-10  0.18E-08
   1224000  0.85E-05  0.15E-10  0.18E-08
   1225000  0.85E-05  0.15E-10  0.18E-08
   1226000  0.85E-05  0.15E-10  0.18E-08
   1227000  0.85E-05  0.15E-10  0.18E-08
   1228000  0.85E-05  0.15E-10  0.18E-08
   1229000  0.85E-05  0.14E-10  0.18E-08
   1230000  0.85E-05  0.14E-10  0.18E-08
   1231000  0.85E-05  0.15E-10  0.18E-08
   1232000  0.85E-05  0.15E-10  0.18E-08
   1233000  0.85E-05  0.16E-10  0.18E-08
   1234000  0.85E-05  0.15E-10  0.18E-08
   1235000  0.85E-05  0.16E-10  0.18E-08
   1236000  0.85E-05  0.15E-10  0.18E-08
   1237000  0.85E-05  0.15E-10  0.18E-08
   1238000  0.85E-05  0.15E-10  0.18E-08
   1239000  0.85E-05  0.15E-10  0.18E-08
   1240000  0.85E-05  0.15E-10  0.18E-08
   1241000  0.85E-05  0.14E-10  0.18E-08
   1242000  0.85E-05  0.15E-10  0.18E-08
   1243000  0.85E-05  0.14E-10  0.18E-08
   1244000  0.85E-05  0.15E-10  0.18E-08
   1245000  0.85E-05  0.14E-10  0.18E-08
   1246000  0.85E-05  0.15E-10  0.18E-08
   1247000  0.85E-05  0.14E-10  0.18E-08
   1248000  0.85E-05  0.15E-10  0.18E-08
   1249000  0.85E-05  0.14E-10  0.18E-08
   1250000  0.85E-05  0.16E-10  0.18E-08
   1251000  0.85E-05  0.14E-10  0.18E-08
   1252000  0.85E-05  0.15E-10  0.18E-08
   1253000  0.85E-05  0.15E-10  0.18E-08
   1254000  0.85E-05  0.16E-10  0.18E-08
   1255000  0.85E-05  0.15E-10  0.18E-08
   1256000  0.85E-05  0.15E-10  0.18E-08
   1257000  0.85E-05  0.15E-10  0.18E-08
   1258000  0.85E-05  0.15E-10  0.18E-08
   1259000  0.85E-05  0.15E-10  0.18E-08
   1260000  0.85E-05  0.15E-10  0.18E-08
   1261000  0.85E-05  0.15E-10  0.18E-08
   1262000  0.85E-05  0.15E-10  0.18E-08
   1263000  0.85E-05  0.15E-10  0.18E-08
   1264000  0.85E-05  0.15E-10  0.18E-08
   1265000  0.85E-05  0.14E-10  0.18E-08
   1266000  0.85E-05  0.15E-10  0.18E-08
   1267000  0.85E-05  0.14E-10  0.18E-08
   1268000  0.85E-05  0.15E-10  0.18E-08
   1269000  0.86E-05  0.15E-10  0.18E-08
   1270000  0.86E-05  0.16E-10  0.18E-08
   1271000  0.86E-05  0.14E-10  0.18E-08
   1272000  0.86E-05  0.15E-10  0.18E-08
   1273000  0.86E-05  0.15E-10  0.18E-08
   1274000  0.86E-05  0.14E-10  0.18E-08
   1275000  0.86E-05  0.15E-10  0.18E-08
   1276000  0.86E-05  0.15E-10  0.18E-08
   1277000  0.86E-05  0.15E-10  0.18E-08
   1278000  0.86E-05  0.16E-10  0.18E-08
   1279000  0.86E-05  0.15E-10  0.18E-08
   1280000  0.86E-05  0.15E-10  0.18E-08
   1281000  0.86E-05  0.16E-10  0.18E-08
   1282000  0.86E-05  0.16E-10  0.18E-08
   1283000  0.86E-05  0.16E-10  0.18E-08
   1284000  0.86E-05  0.15E-10  0.18E-08
   1285000  0.86E-05  0.16E-10  0.18E-08
   1286000  0.86E-05  0.15E-10  0.18E-08
   1287000  0.86E-05  0.14E-10  0.18E-08
   1288000  0.86E-05  0.15E-10  0.18E-08
   1289000  0.86E-05  0.14E-10  0.18E-08
   1290000  0.86E-05  0.16E-10  0.18E-08
   1291000  0.86E-05  0.14E-10  0.18E-08
   1292000  0.86E-05  0.16E-10  0.18E-08
   1293000  0.86E-05  0.16E-10  0.18E-08
   1294000  0.86E-05  0.16E-10  0.18E-08
   1295000  0.86E-05  0.15E-10  0.18E-08
   1296000  0.86E-05  0.15E-10  0.18E-08
   1297000  0.86E-05  0.15E-10  0.18E-08
   1298000  0.86E-05  0.15E-10  0.18E-08
   1299000  0.86E-05  0.15E-10  0.18E-08
   1300000  0.86E-05  0.15E-10  0.18E-08
   1301000  0.86E-05  0.15E-10  0.18E-08
   1302000  0.86E-05  0.14E-10  0.18E-08
   1303000  0.86E-05  0.15E-10  0.18E-08
   1304000  0.86E-05  0.15E-10  0.18E-08
   1305000  0.86E-05  0.17E-10  0.18E-08
   1306000  0.86E-05  0.15E-10  0.18E-08
   1307000  0.86E-05  0.15E-10  0.18E-08
   1308000  0.86E-05  0.15E-10  0.18E-08
   1309000  0.86E-05  0.14E-10  0.18E-08
   1310000  0.86E-05  0.15E-10  0.18E-08
   1311000  0.86E-05  0.16E-10  0.18E-08
   1312000  0.86E-05  0.15E-10  0.18E-08
   1313000  0.86E-05  0.14E-10  0.18E-08
   1314000  0.86E-05  0.15E-10  0.18E-08
   1315000  0.86E-05  0.15E-10  0.18E-08
   1316000  0.86E-05  0.15E-10  0.18E-08
   1317000  0.86E-05  0.14E-10  0.18E-08
   1318000  0.86E-05  0.15E-10  0.18E-08
   1319000  0.86E-05  0.15E-10  0.18E-08
   1320000  0.86E-05  0.16E-10  0.18E-08
   1321000  0.86E-05  0.15E-10  0.18E-08
   1322000  0.86E-05  0.14E-10  0.18E-08
   1323000  0.86E-05  0.16E-10  0.18E-08
   1324000  0.86E-05  0.15E-10  0.18E-08
   1325000  0.86E-05  0.14E-10  0.18E-08
   1326000  0.86E-05  0.15E-10  0.18E-08
   1327000  0.86E-05  0.15E-10  0.18E-08
   1328000  0.86E-05  0.15E-10  0.18E-08
   1329000  0.86E-05  0.15E-10  0.18E-08
   1330000  0.86E-05  0.14E-10  0.18E-08
   1331000  0.86E-05  0.15E-10  0.18E-08
   1332000  0.86E-05  0.16E-10  0.18E-08
   1333000  0.86E-05  0.15E-10  0.18E-08
   1334000  0.86E-05  0.14E-10  0.18E-08
   1335000  0.86E-05  0.15E-10  0.18E-08
   1336000  0.86E-05  0.16E-10  0.18E-08
   1337000  0.86E-05  0.15E-10  0.18E-08
   1338000  0.86E-05  0.15E-10  0.18E-08
   1339000  0.86E-05  0.14E-10  0.18E-08
   1340000  0.86E-05  0.16E-10  0.18E-08
   1341000  0.86E-05  0.15E-10  0.18E-08
   1342000  0.86E-05  0.15E-10  0.18E-08
   1343000  0.86E-05  0.15E-10  0.18E-08
   1344000  0.86E-05  0.14E-10  0.18E-08
   1345000  0.86E-05  0.15E-10  0.18E-08
   1346000  0.86E-05  0.15E-10  0.18E-08
   1347000  0.86E-05  0.15E-10  0.18E-08
   1348000  0.86E-05  0.16E-10  0.18E-08
   1349000  0.86E-05  0.14E-10  0.18E-08
   1350000  0.86E-05  0.14E-10  0.18E-08
   1351000  0.86E-05  0.14E-10  0.18E-08
   1352000  0.86E-05  0.15E-10  0.18E-08
   1353000  0.86E-05  0.15E-10  0.18E-08
   1354000  0.86E-05  0.15E-10  0.18E-08
   1355000  0.86E-05  0.16E-10  0.18E-08
   1356000  0.86E-05  0.16E-10  0.18E-08
   1357000  0.86E-05  0.14E-10  0.18E-08
   1358000  0.86E-05  0.15E-10  0.18E-08
   1359000  0.86E-05  0.14E-10  0.18E-08
   1360000  0.86E-05  0.15E-10  0.18E-08
   1361000  0.86E-05  0.15E-10  0.18E-08
   1362000  0.86E-05  0.15E-10  0.18E-08
   1363000  0.86E-05  0.14E-10  0.18E-08
   1364000  0.86E-05  0.15E-10  0.18E-08
   1365000  0.86E-05  0.15E-10  0.18E-08
   1366000  0.86E-05  0.15E-10  0.18E-08
   1367000  0.86E-05  0.15E-10  0.18E-08
   1368000  0.86E-05  0.16E-10  0.18E-08
   1369000  0.86E-05  0.14E-10  0.18E-08
   1370000  0.86E-05  0.17E-10  0.18E-08
   1371000  0.86E-05  0.15E-10  0.18E-08
   1372000  0.86E-05  0.15E-10  0.18E-08
   1373000  0.86E-05  0.14E-10  0.18E-08
   1374000  0.86E-05  0.14E-10  0.18E-08
   1375000  0.86E-05  0.14E-10  0.18E-08
   1376000  0.86E-05  0.16E-10  0.18E-08
   1377000  0.86E-05  0.16E-10  0.18E-08
   1378000  0.86E-05  0.16E-10  0.18E-08
   1379000  0.86E-05  0.15E-10  0.18E-08
   1380000  0.86E-05  0.16E-10  0.18E-08
   1381000  0.86E-05  0.16E-10  0.18E-08
   1382000  0.86E-05  0.16E-10  0.18E-08
   1383000  0.86E-05  0.15E-10  0.18E-08
   1384000  0.86E-05  0.15E-10  0.18E-08
   1385000  0.86E-05  0.15E-10  0.18E-08
   1386000  0.86E-05  0.15E-10  0.18E-08
   1387000  0.86E-05  0.14E-10  0.18E-08
   1388000  0.86E-05  0.14E-10  0.18E-08
   1389000  0.86E-05  0.15E-10  0.18E-08
   1390000  0.86E-05  0.16E-10  0.18E-08
   1391000  0.86E-05  0.14E-10  0.18E-08
   1392000  0.86E-05  0.14E-10  0.18E-08
   1393000  0.86E-05  0.15E-10  0.18E-08
   1394000  0.86E-05  0.14E-10  0.18E-08
   1395000  0.86E-05  0.14E-10  0.18E-08
   1396000  0.86E-05  0.14E-10  0.18E-08
   1397000  0.86E-05  0.15E-10  0.18E-08
   1398000  0.86E-05  0.15E-10  0.18E-08
   1399000  0.86E-05  0.16E-10  0.18E-08
   1400000  0.86E-05  0.16E-10  0.18E-08
   1401000  0.86E-05  0.15E-10  0.18E-08
   1402000  0.86E-05  0.15E-10  0.18E-08
   1403000  0.86E-05  0.14E-10  0.18E-08
   1404000  0.86E-05  0.14E-10  0.18E-08
   1405000  0.86E-05  0.15E-10  0.18E-08
   1406000  0.86E-05  0.15E-10  0.18E-08
   1407000  0.86E-05  0.14E-10  0.18E-08
   1408000  0.86E-05  0.14E-10  0.18E-08
   1409000  0.87E-05  0.15E-10  0.18E-08
   1410000  0.87E-05  0.15E-10  0.18E-08
   1411000  0.87E-05  0.14E-10  0.18E-08
   1412000  0.87E-05  0.14E-10  0.18E-08
   1413000  0.87E-05  0.15E-10  0.18E-08
   1414000  0.87E-05  0.15E-10  0.18E-08
   1415000  0.87E-05  0.16E-10  0.18E-08
   1416000  0.87E-05  0.14E-10  0.18E-08
   1417000  0.87E-05  0.15E-10  0.18E-08
   1418000  0.87E-05  0.16E-10  0.18E-08
   1419000  0.87E-05  0.16E-10  0.18E-08
   1420000  0.87E-05  0.15E-10  0.18E-08
   1421000  0.87E-05  0.14E-10  0.18E-08
   1422000  0.87E-05  0.15E-10  0.18E-08
   1423000  0.87E-05  0.16E-10  0.18E-08
   1424000  0.87E-05  0.16E-10  0.18E-08
   1425000  0.87E-05  0.14E-10  0.18E-08
   1426000  0.87E-05  0.15E-10  0.18E-08
   1427000  0.87E-05  0.15E-10  0.18E-08
   1428000  0.87E-05  0.15E-10  0.18E-08
   1429000  0.87E-05  0.14E-10  0.18E-08
   1430000  0.87E-05  0.15E-10  0.18E-08
   1431000  0.87E-05  0.14E-10  0.18E-08
   1432000  0.87E-05  0.18E-10  0.18E-08
   1433000  0.87E-05  0.15E-10  0.18E-08
   1434000  0.87E-05  0.14E-10  0.18E-08
   1435000  0.87E-05  0.15E-10  0.18E-08
   1436000  0.87E-05  0.14E-10  0.18E-08
   1437000  0.87E-05  0.14E-10  0.18E-08
   1438000  0.87E-05  0.15E-10  0.18E-08
   1439000  0.87E-05  0.13E-10  0.18E-08
   1440000  0.87E-05  0.14E-10  0.18E-08
   1441000  0.87E-05  0.15E-10  0.18E-08
   1442000  0.87E-05  0.16E-10  0.18E-08
   1443000  0.87E-05  0.15E-10  0.18E-08
   1444000  0.87E-05  0.14E-10  0.18E-08
   1445000  0.87E-05  0.16E-10  0.18E-08
   1446000  0.87E-05  0.14E-10  0.18E-08
   1447000  0.87E-05  0.17E-10  0.18E-08
   1448000  0.87E-05  0.15E-10  0.18E-08
   1449000  0.87E-05  0.14E-10  0.18E-08
   1450000  0.87E-05  0.15E-10  0.18E-08
   1451000  0.87E-05  0.15E-10  0.18E-08
   1452000  0.87E-05  0.16E-10  0.18E-08
   1453000  0.87E-05  0.15E-10  0.18E-08
   1454000  0.87E-05  0.14E-10  0.18E-08
   1455000  0.87E-05  0.16E-10  0.18E-08
   1456000  0.87E-05  0.15E-10  0.18E-08
   1457000  0.87E-05  0.16E-10  0.18E-08
   1458000  0.87E-05  0.16E-10  0.18E-08
   1459000  0.87E-05  0.15E-10  0.18E-08
   1460000  0.87E-05  0.14E-10  0.18E-08
   1461000  0.87E-05  0.14E-10  0.18E-08
   1462000  0.87E-05  0.14E-10  0.18E-08
   1463000  0.87E-05  0.15E-10  0.18E-08
   1464000  0.87E-05  0.14E-10  0.18E-08
   1465000  0.87E-05  0.15E-10  0.18E-08
   1466000  0.87E-05  0.14E-10  0.18E-08
   1467000  0.87E-05  0.14E-10  0.18E-08
   1468000  0.87E-05  0.16E-10  0.18E-08
   1469000  0.87E-05  0.15E-10  0.18E-08
   1470000  0.87E-05  0.15E-10  0.18E-08
   1471000  0.87E-05  0.14E-10  0.18E-08
   1472000  0.87E-05  0.15E-10  0.18E-08
   1473000  0.87E-05  0.14E-10  0.18E-08
   1474000  0.87E-05  0.14E-10  0.18E-08
   1475000  0.87E-05  0.15E-10  0.18E-08
   1476000  0.87E-05  0.15E-10  0.18E-08
   1477000  0.87E-05  0.15E-10  0.18E-08
   1478000  0.87E-05  0.15E-10  0.18E-08
   1479000  0.87E-05  0.14E-10  0.18E-08
   1480000  0.87E-05  0.14E-10  0.18E-08
   1481000  0.87E-05  0.14E-10  0.18E-08
   1482000  0.87E-05  0.15E-10  0.18E-08
   1483000  0.87E-05  0.14E-10  0.18E-08
   1484000  0.87E-05  0.15E-10  0.18E-08
   1485000  0.87E-05  0.15E-10  0.18E-08
   1486000  0.87E-05  0.14E-10  0.18E-08
   1487000  0.87E-05  0.14E-10  0.18E-08
   1488000  0.87E-05  0.15E-10  0.18E-08
   1489000  0.87E-05  0.14E-10  0.18E-08
   1490000  0.87E-05  0.15E-10  0.18E-08
   1491000  0.87E-05  0.14E-10  0.18E-08
   1492000  0.87E-05  0.14E-10  0.18E-08
   1493000  0.87E-05  0.15E-10  0.18E-08
   1494000  0.87E-05  0.14E-10  0.18E-08
   1495000  0.87E-05  0.14E-10  0.18E-08
   1496000  0.87E-05  0.14E-10  0.18E-08
   1497000  0.87E-05  0.14E-10  0.18E-08
   1498000  0.87E-05  0.15E-10  0.18E-08
   1499000  0.87E-05  0.15E-10  0.18E-08
   1500000  0.87E-05  0.14E-10  0.18E-08
   1501000  0.87E-05  0.15E-10  0.18E-08
   1502000  0.87E-05  0.14E-10  0.18E-08
   1503000  0.87E-05  0.14E-10  0.18E-08
   1504000  0.87E-05  0.14E-10  0.18E-08
   1505000  0.87E-05  0.15E-10  0.18E-08
   1506000  0.87E-05  0.15E-10  0.18E-08
   1507000  0.87E-05  0.16E-10  0.18E-08
   1508000  0.87E-05  0.16E-10  0.18E-08
   1509000  0.87E-05  0.15E-10  0.18E-08
   1510000  0.87E-05  0.14E-10  0.18E-08
   1511000  0.87E-05  0.14E-10  0.18E-08
   1512000  0.87E-05  0.14E-10  0.18E-08
   1513000  0.87E-05  0.14E-10  0.18E-08
   1514000  0.87E-05  0.15E-10  0.18E-08
   1515000  0.87E-05  0.14E-10  0.18E-08
   1516000  0.87E-05  0.15E-10  0.18E-08
   1517000  0.87E-05  0.15E-10  0.18E-08
   1518000  0.87E-05  0.16E-10  0.18E-08
   1519000  0.87E-05  0.14E-10  0.18E-08
   1520000  0.87E-05  0.15E-10  0.18E-08
   1521000  0.87E-05  0.15E-10  0.18E-08
   1522000  0.87E-05  0.14E-10  0.18E-08
   1523000  0.87E-05  0.15E-10  0.18E-08
   1524000  0.87E-05  0.14E-10  0.18E-08
   1525000  0.87E-05  0.14E-10  0.18E-08
   1526000  0.87E-05  0.16E-10  0.18E-08
   1527000  0.87E-05  0.16E-10  0.18E-08
   1528000  0.87E-05  0.15E-10  0.18E-08
   1529000  0.87E-05  0.14E-10  0.18E-08
   1530000  0.87E-05  0.14E-10  0.18E-08
   1531000  0.87E-05  0.14E-10  0.18E-08
   1532000  0.87E-05  0.16E-10  0.18E-08
   1533000  0.87E-05  0.15E-10  0.18E-08
   1534000  0.87E-05  0.13E-10  0.18E-08
   1535000  0.87E-05  0.14E-10  0.18E-08
   1536000  0.87E-05  0.15E-10  0.18E-08
   1537000  0.87E-05  0.15E-10  0.18E-08
   1538000  0.87E-05  0.14E-10  0.18E-08
   1539000  0.87E-05  0.16E-10  0.18E-08
   1540000  0.87E-05  0.14E-10  0.18E-08
   1541000  0.87E-05  0.14E-10  0.18E-08
   1542000  0.87E-05  0.14E-10  0.18E-08
   1543000  0.87E-05  0.14E-10  0.18E-08
   1544000  0.87E-05  0.14E-10  0.18E-08
   1545000  0.87E-05  0.14E-10  0.18E-08
   1546000  0.87E-05  0.14E-10  0.18E-08
   1547000  0.87E-05  0.14E-10  0.18E-08
   1548000  0.87E-05  0.15E-10  0.18E-08
   1549000  0.87E-05  0.14E-10  0.18E-08
   1550000  0.88E-05  0.15E-10  0.18E-08
   1551000  0.88E-05  0.16E-10  0.18E-08
   1552000  0.88E-05  0.14E-10  0.18E-08
   1553000  0.88E-05  0.15E-10  0.18E-08
   1554000  0.88E-05  0.14E-10  0.18E-08
   1555000  0.88E-05  0.14E-10  0.18E-08
   1556000  0.88E-05  0.15E-10  0.18E-08
   1557000  0.88E-05  0.14E-10  0.18E-08
   1558000  0.88E-05  0.14E-10  0.18E-08
   1559000  0.88E-05  0.16E-10  0.18E-08
   1560000  0.88E-05  0.14E-10  0.18E-08
   1561000  0.88E-05  0.15E-10  0.18E-08
   1562000  0.88E-05  0.14E-10  0.18E-08
   1563000  0.88E-05  0.14E-10  0.18E-08
   1564000  0.88E-05  0.15E-10  0.18E-08
   1565000  0.88E-05  0.14E-10  0.18E-08
   1566000  0.88E-05  0.14E-10  0.18E-08
   1567000  0.88E-05  0.13E-10  0.18E-08
   1568000  0.88E-05  0.16E-10  0.18E-08
   1569000  0.88E-05  0.15E-10  0.18E-08
   1570000  0.88E-05  0.17E-10  0.18E-08
   1571000  0.88E-05  0.15E-10  0.18E-08
   1572000  0.88E-05  0.15E-10  0.18E-08
   1573000  0.88E-05  0.15E-10  0.18E-08
   1574000  0.88E-05  0.14E-10  0.18E-08
   1575000  0.88E-05  0.14E-10  0.18E-08
   1576000  0.88E-05  0.14E-10  0.18E-08
   1577000  0.88E-05  0.17E-10  0.18E-08
   1578000  0.88E-05  0.14E-10  0.18E-08
   1579000  0.88E-05  0.14E-10  0.18E-08
   1580000  0.88E-05  0.15E-10  0.18E-08
   1581000  0.88E-05  0.15E-10  0.18E-08
   1582000  0.88E-05  0.14E-10  0.18E-08
   1583000  0.88E-05  0.14E-10  0.18E-08
   1584000  0.88E-05  0.14E-10  0.18E-08
   1585000  0.88E-05  0.14E-10  0.18E-08
   1586000  0.88E-05  0.14E-10  0.18E-08
   1587000  0.88E-05  0.16E-10  0.18E-08
   1588000  0.88E-05  0.14E-10  0.18E-08
   1589000  0.88E-05  0.14E-10  0.18E-08
   1590000  0.88E-05  0.14E-10  0.18E-08
   1591000  0.88E-05  0.15E-10  0.18E-08
   1592000  0.88E-05  0.13E-10  0.18E-08
   1593000  0.88E-05  0.14E-10  0.18E-08
   1594000  0.88E-05  0.14E-10  0.18E-08
   1595000  0.88E-05  0.14E-10  0.18E-08
   1596000  0.88E-05  0.14E-10  0.18E-08
   1597000  0.88E-05  0.15E-10  0.18E-08
   1598000  0.88E-05  0.15E-10  0.18E-08
   1599000  0.88E-05  0.14E-10  0.18E-08
   1600000  0.88E-05  0.15E-10  0.18E-08
   1601000  0.88E-05  0.15E-10  0.18E-08
   1602000  0.88E-05  0.16E-10  0.18E-08
   1603000  0.88E-05  0.14E-10  0.18E-08
   1604000  0.88E-05  0.15E-10  0.18E-08
   1605000  0.88E-05  0.15E-10  0.18E-08
   1606000  0.88E-05  0.14E-10  0.18E-08
   1607000  0.88E-05  0.14E-10  0.18E-08
   1608000  0.88E-05  0.14E-10  0.18E-08
   1609000  0.88E-05  0.14E-10  0.18E-08
   1610000  0.88E-05  0.14E-10  0.18E-08
   1611000  0.88E-05  0.14E-10  0.18E-08
   1612000  0.88E-05  0.14E-10  0.18E-08
   1613000  0.88E-05  0.14E-10  0.18E-08
   1614000  0.88E-05  0.14E-10  0.18E-08
   1615000  0.88E-05  0.14E-10  0.18E-08
   1616000  0.88E-05  0.16E-10  0.18E-08
   1617000  0.88E-05  0.15E-10  0.18E-08
   1618000  0.88E-05  0.13E-10  0.18E-08
   1619000  0.88E-05  0.15E-10  0.18E-08
   1620000  0.88E-05  0.15E-10  0.18E-08
   1621000  0.88E-05  0.15E-10  0.18E-08
   1622000  0.88E-05  0.16E-10  0.18E-08
   1623000  0.88E-05  0.14E-10  0.18E-08
   1624000  0.88E-05  0.15E-10  0.18E-08
   1625000  0.88E-05  0.15E-10  0.18E-08
   1626000  0.88E-05  0.16E-10  0.18E-08
   1627000  0.88E-05  0.14E-10  0.18E-08
   1628000  0.88E-05  0.15E-10  0.18E-08
   1629000  0.88E-05  0.15E-10  0.18E-08
   1630000  0.88E-05  0.14E-10  0.18E-08
   1631000  0.88E-05  0.13E-10  0.18E-08
   1632000  0.88E-05  0.15E-10  0.18E-08
   1633000  0.88E-05  0.16E-10  0.18E-08
   1634000  0.88E-05  0.16E-10  0.18E-08
   1635000  0.88E-05  0.15E-10  0.18E-08
   1636000  0.88E-05  0.16E-10  0.18E-08
   1637000  0.88E-05  0.13E-10  0.18E-08
   1638000  0.88E-05  0.15E-10  0.18E-08
   1639000  0.88E-05  0.14E-10  0.18E-08
   1640000  0.88E-05  0.15E-10  0.18E-08
   1641000  0.88E-05  0.15E-10  0.18E-08
   1642000  0.88E-05  0.16E-10  0.18E-08
   1643000  0.88E-05  0.15E-10  0.18E-08
   1644000  0.88E-05  0.14E-10  0.18E-08
   1645000  0.88E-05  0.16E-10  0.18E-08
   1646000  0.88E-05  0.14E-10  0.18E-08
   1647000  0.88E-05  0.15E-10  0.18E-08
   1648000  0.88E-05  0.14E-10  0.18E-08
   1649000  0.88E-05  0.14E-10  0.18E-08
   1650000  0.88E-05  0.17E-10  0.18E-08
   1651000  0.88E-05  0.14E-10  0.18E-08
   1652000  0.88E-05  0.14E-10  0.18E-08
   1653000  0.88E-05  0.14E-10  0.18E-08
   1654000  0.88E-05  0.15E-10  0.18E-08
   1655000  0.88E-05  0.16E-10  0.18E-08
   1656000  0.88E-05  0.15E-10  0.18E-08
   1657000  0.88E-05  0.13E-10  0.18E-08
   1658000  0.88E-05  0.14E-10  0.18E-08
   1659000  0.88E-05  0.14E-10  0.18E-08
   1660000  0.88E-05  0.15E-10  0.18E-08
   1661000  0.88E-05  0.14E-10  0.18E-08
   1662000  0.88E-05  0.13E-10  0.18E-08
   1663000  0.88E-05  0.14E-10  0.18E-08
   1664000  0.88E-05  0.14E-10  0.18E-08
   1665000  0.88E-05  0.14E-10  0.18E-08
   1666000  0.88E-05  0.15E-10  0.18E-08
   1667000  0.88E-05  0.15E-10  0.18E-08
   1668000  0.88E-05  0.14E-10  0.18E-08
   1669000  0.88E-05  0.15E-10  0.18E-08
   1670000  0.88E-05  0.14E-10  0.18E-08
   1671000  0.88E-05  0.15E-10  0.18E-08
   1672000  0.88E-05  0.15E-10  0.18E-08
   1673000  0.88E-05  0.15E-10  0.18E-08
   1674000  0.88E-05  0.16E-10  0.18E-08
   1675000  0.88E-05  0.14E-10  0.18E-08
   1676000  0.88E-05  0.14E-10  0.18E-08
