
 Time[sec]=
   0.0000000000000000     
         5.0000
        15.0000
        25.0000
        35.0000
        45.0000
        55.0000
        65.0000
        75.0000
        85.0000
        95.0000
       105.0000
       115.0000
       125.0000
       135.0000
       145.0000
       155.0000
       165.0000
       175.0000
       185.0000
       195.0000
       205.0000
       215.0000
       225.0000
       235.0000
       245.0000
       255.0000
       265.0000
       275.0000
       285.0000
       295.0000
         0.0000
         0.0000
         0.0000
         0.0000
         0.0000
         0.0000
         0.0000
         0.0000
         0.0000
         0.0000
         0.0000
         0.0000
         0.0000
         0.0000
         0.0000
         0.0000
         0.0000
         0.0000
         0.0000
         0.0000
         0.0000
         0.0000
         0.0000
         0.0000
         0.0000
         0.0000
         0.0000
         0.0000
         0.0000
         0.0000

 Time[sec]=
   2628864.0000000000     
         5.0011
        15.0010
        25.0010
        35.0009
        45.0009
        55.0008
        65.0008
        75.0007
        85.0007
        95.0006
       105.0006
       115.0005
       125.0005
       135.0004
       145.0003
       155.0003
       165.0002
       175.0001
       185.0001
       195.0000
       204.9999
       214.9999
       224.9998
       234.9997
       244.9996
       254.9996
       264.9995
       274.9994
       284.9993
       294.9993
        -5.2579
        -5.2579
        -5.2579
        -5.2579
        -5.2579
        -5.2579
        -5.2579
        -5.2579
        -5.2579
        -5.2579
        -5.2579
        -5.2579
        -5.2579
        -5.2579
        -5.2579
        -5.2579
        -5.2579
        -5.2579
        -5.2579
        -5.2579
        -5.2579
        -5.2579
        -5.2579
        -5.2579
        -5.2579
        -5.2579
        -5.2579
        -5.2579
        -5.2579
        -5.2579

 Time[sec]=
   5260896.0000000000     
         4.5753
        14.5750
        24.5743
        34.5732
        44.5718
        54.5703
        64.5685
        74.5665
        84.5643
        94.5620
       104.5595
       114.5569
       124.5543
       134.5517
       144.5490
       154.5466
       164.5442
       174.5420
       184.5399
       194.5381
       204.5364
       214.5350
       224.5336
       234.5324
       244.5313
       254.5302
       264.5292
       274.5284
       284.5277
       294.5274
       -92.8252
       -94.2426
       -95.6893
       -97.1405
       -98.5681
       -99.9710
      -101.3542
      -102.7207
      -104.0779
      -105.4320
      -106.7788
      -108.1058
      -109.4094
      -110.6858
      -111.9226
      -113.1107
      -114.2422
      -115.3085
      -116.3015
      -117.2148
      -118.0433
      -118.7809
      -119.4343
      -120.0154
      -120.5287
      -120.9894
      -121.4229
      -121.8557
      -122.3123
      -122.7994

 Time[sec]=
   7889760.0000000000     
         4.3782
        14.3777
        24.3765
        34.3746
        44.3721
        54.3693
        64.3660
        74.3622
        84.3581
        94.3537
       104.3490
       114.3441
       124.3391
       134.3340
       144.3291
       154.3243
       164.3199
       174.3157
       184.3119
       194.3084
       204.3054
       214.3027
       224.3003
       234.2982
       244.2962
       254.2943
       264.2925
       274.2910
       284.2898
       294.2893
      -182.6285
      -185.1468
      -187.7244
      -190.3282
      -192.9044
      -195.4469
      -197.9675
      -200.4707
      -202.9637
      -205.4506
      -207.9235
      -210.3646
      -212.7637
      -215.1089
      -217.3787
      -219.5546
      -221.6184
      -223.5520
      -225.3381
      -226.9629
      -228.4161
      -229.6893
      -230.7908
      -231.7391
      -232.5502
      -233.2571
      -233.9082
      -234.5567
      -235.2507
      -236.0070

 Time[sec]=
   10518624.000000000     
         4.1806
        14.1798
        24.1781
        34.1753
        44.1717
        54.1675
        64.1626
        74.1571
        84.1510
        94.1444
       104.1374
       114.1301
       124.1227
       134.1153
       144.1080
       154.1009
       164.0943
       174.0882
       184.0825
       194.0775
       204.0731
       214.0692
       224.0657
       234.0626
       244.0597
       254.0569
       264.0544
       274.0521
       284.0506
       294.0498
      -272.7348
      -276.2524
      -279.8614
      -283.5208
      -287.1493
      -290.7359
      -294.2991
      -297.8451
      -301.3805
      -304.9074
      -308.4139
      -311.8770
      -315.2798
      -318.6023
      -321.8141
      -324.8869
      -327.7928
      -330.5037
      -332.9935
      -335.2408
      -337.2302
      -338.9510
      -340.4136
      -341.6426
      -342.6659
      -343.5338
      -344.3179
      -345.0975
      -345.9447
      -346.8861

 Time[sec]=
   13147488.000000000     
         4.0546
        14.0537
        24.0514
        34.0477
        44.0429
        54.0373
        64.0308
        74.0235
        84.0154
        94.0066
       103.9973
       113.9876
       123.9778
       133.9679
       143.9581
       153.9488
       163.9400
       173.9318
       183.9243
       193.9177
       203.9118
       213.9067
       223.9022
       233.8980
       243.8943
       253.8907
       263.8873
       273.8844
       283.8823
       293.8814
      -363.6018
      -368.0186
      -372.5605
      -377.1784
      -381.7630
      -386.2977
      -390.8082
      -395.3019
      -399.7851
      -404.2575
      -408.7035
      -413.0946
      -417.4071
      -421.6132
      -425.6734
      -429.5497
      -433.2041
      -436.5990
      -439.6993
      -442.4762
      -444.9090
      -446.9850
      -448.7163
      -450.1339
      -451.2775
      -452.2150
      -453.0407
      -453.8606
      -454.7701
      -455.8055

 Time[sec]=
   15776352.000000000     
         3.9140
        13.9128
        23.9100
        33.9054
        43.8993
        53.8922
        63.8841
        73.8749
        83.8648
        93.8538
       103.8422
       113.8301
       123.8177
       133.8054
       143.7932
       153.7815
       163.7705
       173.7603
       183.7510
       193.7427
       203.7355
       213.7291
       223.7234
       233.7183
       243.7137
       253.7092
       263.7051
       273.7015
       283.6989
       293.6977
      -454.5302
      -459.8128
      -465.2556
      -470.8010
      -476.3109
      -481.7632
      -487.1906
      -492.6022
      -498.0034
      -503.3919
      -508.7479
      -514.0376
      -519.2307
      -524.2911
      -529.1706
      -533.8214
      -538.1957
      -542.2460
      -545.9283
      -549.2065
      -552.0547
      -554.4582
      -556.4307
      -558.0099
      -559.2470
      -560.2276
      -561.0688
      -561.9027
      -562.8485
      -563.9521

 Time[sec]=
   18405216.000000000     
         3.8092
        13.8078
        23.8044
        33.7988
        43.7915
        53.7830
        63.7732
        73.7621
        83.7499
        93.7368
       103.7228
       113.7082
       123.6934
       133.6785
       143.6639
       153.6499
       163.6366
       173.6244
       183.6133
       193.6033
       203.5946
       213.5870
       223.5802
       233.5742
       243.5686
       253.5633
       263.5584
       273.5541
       283.5510
       293.5496
      -545.7466
      -551.8456
      -558.1405
      -564.5655
      -570.9531
      -577.2757
      -583.5730
      -589.8554
      -596.1281
      -602.3860
      -608.6055
      -614.7476
      -620.7748
      -626.6435
      -632.2961
      -637.6754
      -642.7236
      -647.3835
      -651.6023
      -655.3364
      -658.5548
      -661.2408
      -663.4099
      -665.1062
      -666.3927
      -667.3723
      -668.1852
      -668.9895
      -669.9280
      -671.0561

 Time[sec]=
   21034080.000000000     
         3.6949
        13.6933
        23.6893
        33.6827
        43.6741
        53.6641
        63.6526
        73.6397
        83.6254
        93.6100
       103.5936
       113.5766
       123.5593
       133.5419
       143.5248
       153.5084
       163.4929
       173.4786
       183.4656
       193.4541
       203.4439
       213.4350
       223.4271
       233.4201
       243.4136
       253.4075
       263.4017
       273.3967
       283.3932
       293.3916
      -636.9990
      -643.8944
      -651.0223
      -658.3084
      -665.5556
      -672.7302
      -679.8794
      -687.0150
      -694.1414
      -701.2511
      -708.3167
      -715.2936
      -722.1377
      -728.7972
      -735.2057
      -741.2964
      -747.0015
      -752.2541
      -756.9926
      -761.1660
      -764.7383
      -767.6907
      -770.0404
      -771.8380
      -773.1584
      -774.1218
      -774.8912
      -775.6510
      -776.5672
      -777.7050

 Time[sec]=
   23662944.000000000     
         3.6018
        13.6000
        23.5954
        33.5878
        43.5779
        53.5664
        63.5532
        73.5383
        83.5220
        93.5043
       103.4855
       113.4660
       123.4462
       133.4263
       143.4067
       153.3879
       163.3702
       173.3539
       183.3390
       193.3258
       203.3141
       213.3040
       223.2950
       233.2869
       243.2795
       253.2725
       263.2660
       273.2603
       283.2563
       293.2545
      -728.3834
      -736.0449
      -743.9758
      -752.0939
      -760.1717
      -768.1694
      -776.1417
      -784.1018
      -792.0534
      -799.9865
      -807.8699
      -815.6533
      -823.2860
      -830.7083
      -837.8447
      -844.6188
      -850.9530
      -856.7707
      -862.0014
      -866.5869
      -870.4860
      -873.6778
      -876.1815
      -878.0541
      -879.3821
      -880.3032
      -881.0033
      -881.6926
      -882.5608
      -883.6825

 Time[sec]=
   26291808.000000000     
         3.5033
        13.5012
        23.4960
        33.4874
        43.4762
        53.4631
        63.4482
        73.4314
        83.4130
        93.3930
       103.3719
       113.3499
       123.3275
       133.3050
       143.2829
       153.2618
       163.2418
       173.2234
       183.2067
       193.1918
       203.1787
       213.1672
       223.1571
       233.1481
       243.1397
       253.1319
       263.1246
       273.1182
       283.1137
       293.1117
      -819.7918
      -828.2052
      -836.9257
      -845.8627
      -854.7581
      -863.5660
      -872.3487
      -881.1207
      -889.8849
      -898.6290
      -907.3176
      -915.8952
      -924.3043
      -932.4770
      -940.3292
      -947.7747
      -954.7259
      -961.0969
      -966.8081
      -971.7941
      -976.0085
      -979.4286
      -982.0752
      -984.0119
      -985.3369
      -986.2054
      -986.8256
      -987.4343
      -988.2442
      -989.3395

 Time[sec]=
   28920672.000000000     
         3.4176
        13.4152
        23.4094
        33.3998
        43.3872
        53.3726
        63.3560
        73.3372
        83.3166
        93.2944
       103.2708
       113.2463
       123.2213
       133.1963
       143.1718
       153.1482
       163.1260
       173.1055
       183.0869
       193.0703
       203.0557
       213.0430
       223.0318
       233.0217
       243.0125
       253.0038
       262.9956
       272.9886
       282.9836
       292.9813
      -911.2602
      -920.4048
      -929.8944
      -939.6304
      -949.3238
      -958.9222
      -968.4957
      -978.0601
      -987.6176
      -997.1534
     -1006.6281
     -1015.9807
     -1025.1469
     -1034.0511
     -1042.6001
     -1050.6980
     -1058.2477
     -1065.1533
     -1071.3267
     -1076.6949
     -1081.2067
     -1084.8372
     -1087.6092
     -1089.5926
     -1090.8973
     -1091.6959
     -1092.2194
     -1092.7304
     -1093.4651
     -1094.5170

 Time[sec]=
   31549536.000000000     
         3.3301
        13.3275
        23.3211
        33.3104
        43.2965
        53.2803
        63.2619
        73.2412
        83.2185
        93.1939
       103.1679
       113.1409
       123.1133
       133.0857
       143.0587
       153.0327
       163.0082
       172.9856
       182.9651
       192.9468
       202.9308
       212.9168
       222.9044
       232.8934
       242.8832
       252.8736
       262.8647
       272.8570
       282.8515
       292.8490
     -1002.7447
     -1012.6089
     -1022.8565
     -1033.3808
     -1043.8617
     -1054.2400
     -1064.5937
     -1074.9401
     -1085.2805
     -1095.5976
     -1105.8480
     -1115.9655
     -1125.8788
     -1135.5043
     -1144.7400
     -1153.4806
     -1161.6188
     -1169.0494
     -1175.6753
     -1181.4163
     -1186.2162
     -1190.0481
     -1192.9365
     -1194.9578
     -1196.2336
     -1196.9538
     -1197.3722
     -1197.7772
     -1198.4284
     -1199.4286

 Time[sec]=
   34178400.000000000     
         3.2496
        13.2467
        23.2396
        33.2278
        43.2126
        53.1948
        63.1746
        73.1520
        83.1271
        93.1002
       103.0718
       113.0422
       123.0121
       132.9819
       142.9523
       152.9239
       162.8972
       172.8724
       182.8500
       192.8301
       202.8126
       212.7973
       222.7838
       232.7718
       242.7607
       252.7502
       262.7405
       272.7321
       282.7261
       292.7234
     -1094.2543
     -1104.8235
     -1115.8146
     -1127.1133
     -1138.3677
     -1149.5120
     -1160.6323
     -1171.7469
     -1182.8566
     -1193.9414
     -1204.9541
     -1215.8228
     -1226.4698
     -1236.8033
     -1246.7125
     -1256.0825
     -1264.7963
     -1272.7390
     -1279.8047
     -1285.9060
     -1290.9817
     -1295.0026
     -1297.9954
     -1300.0428
     -1301.2781
     -1301.9084
     -1302.2101
     -1302.4977
     -1303.0540
     -1303.9911

 Time[sec]=
   36807264.000000000     
         3.1702
        13.1670
        23.1593
        33.1464
        43.1298
        53.1105
        63.0885
        73.0639
        83.0368
        93.0076
       102.9767
       112.9446
       122.9118
       132.8791
       142.8470
       152.8161
       162.7871
       172.7603
       182.7359
       192.7143
       202.6953
       212.6787
       222.6641
       232.6511
       242.6390
       252.6277
       262.6172
       272.6081
       282.6017
       292.5987
     -1185.7684
     -1197.0323
     -1208.7571
     -1220.8206
     -1232.8392
     -1244.7400
     -1256.6174
     -1268.4909
     -1280.3606
     -1292.2040
     -1303.9697
     -1315.5806
     -1326.9521
     -1337.9847
     -1348.5585
     -1358.5491
     -1367.8297
     -1376.2759
     -1383.7729
     -1390.2262
     -1395.5694
     -1399.7715
     -1402.8608
     -1404.9265
     -1406.1136
     -1406.6464
     -1406.8241
     -1406.9869
     -1407.4408
     -1408.3074

 Time[sec]=
   39436128.000000000     
         3.0938
        13.0903
        23.0820
        33.0680
        43.0500
        53.0291
        63.0053
        72.9787
        82.9494
        92.9179
       102.8845
       112.8498
       122.8145
       132.7791
       142.7445
       152.7112
       162.6799
       172.6509
       182.6247
       192.6014
       202.5809
       212.5630
       222.5473
       232.5332
       242.5203
       252.5081
       262.4967
       272.4869
       282.4800
       292.4769
     -1277.2928
     -1289.2406
     -1301.6884
     -1314.5066
     -1327.2792
     -1339.9265
     -1352.5509
     -1365.1733
     -1377.7930
     -1390.3850
     -1402.8939
     -1415.2372
     -1427.3235
     -1439.0454
     -1450.2742
     -1460.8760
     -1470.7140
     -1479.6544
     -1487.5737
     -1494.3701
     -1499.9720
     -1504.3466
     -1507.5240
     -1509.5998
     -1510.7306
     -1511.1580
     -1511.2036
     -1511.2337
     -1511.5773
     -1512.3656

 Time[sec]=
   42064992.000000000     
         3.0204
        13.0167
        23.0077
        32.9927
        42.9732
        52.9507
        62.9251
        72.8965
        82.8650
        92.8311
       102.7952
       112.7580
       122.7200
       132.6821
       142.6448
       152.6091
       162.5755
       172.5444
       182.5163
       192.4913
       202.4693
       212.4501
       222.4333
       232.4182
       242.4043
       252.3913
       262.3791
       272.3686
       282.3612
       292.3578
     -1368.8117
     -1381.4342
     -1394.5962
     -1408.1606
     -1421.6788
     -1435.0640
     -1448.4269
     -1461.7899
     -1475.1512
     -1488.4835
     -1501.7274
     -1514.7949
     -1527.5879
     -1539.9910
     -1551.8668
     -1563.0718
     -1573.4595
     -1582.8864
     -1591.2204
     -1598.3524
     -1604.2058
     -1608.7458
     -1612.0044
     -1614.0834
     -1615.1510
     -1615.4663
     -1615.3733
     -1615.2641
     -1615.4909
     -1616.1942

 Time[sec]=
   44693856.000000000     
         2.9476
        12.9436
        22.9339
        32.9178
        42.8970
        52.8728
        62.8454
        72.8148
        82.7811
        92.7449
       102.7065
       112.6666
       122.6260
       132.5855
       142.5457
       152.5075
       162.4715
       172.4384
       182.4083
       192.3816
       202.3581
       212.3377
       222.3197
       232.3035
       242.2887
       252.2748
       262.2619
       272.2507
       282.2428
       292.2392
     -1460.3281
     -1473.6170
     -1487.4850
     -1501.7877
     -1516.0438
     -1530.1591
     -1544.2529
     -1558.3487
     -1572.4440
     -1586.5091
     -1600.4803
     -1614.2644
     -1627.7566
     -1640.8337
     -1653.3492
     -1665.1501
     -1676.0804
     -1685.9869
     -1694.7288
     -1702.1897
     -1708.2882
     -1712.9872
     -1716.3206
     -1718.3968
     -1719.3955
     -1719.5928
     -1719.3554
     -1719.1011
     -1719.2053
     -1719.8179

 Time[sec]=
   47322720.000000000     
         2.8789
        12.8746
        22.8643
        32.8470
        42.8248
        52.7989
        62.7697
        72.7370
        82.7012
        92.6625
       102.6217
       112.5792
       122.5360
       132.4928
       142.4504
       152.4097
       162.3715
       172.3362
       182.3042
       192.2758
       202.2509
       212.2291
       222.2099
       232.1928
       242.1771
       252.1623
       262.1485
       272.1366
       282.1283
       292.1245
     -1551.8372
     -1565.7844
     -1580.3504
     -1595.3838
     -1610.3703
     -1625.2082
     -1640.0253
     -1654.8463
     -1669.6683
     -1684.4586
     -1699.1499
     -1713.6433
     -1727.8275
     -1741.5712
     -1754.7193
     -1767.1092
     -1778.5751
     -1788.9544
     -1798.0975
     -1805.8808
     -1812.2179
     -1817.0697
     -1820.4720
     -1822.5393
     -1823.4630
     -1823.5366
     -1823.1490
     -1822.7439
     -1822.7197
     -1823.2357

 Time[sec]=
   49951584.000000000     
         2.8094
        12.8048
        22.7937
        32.7754
        42.7517
        52.7242
        62.6931
        72.6584
        82.6203
        92.5793
       102.5359
       112.4908
       122.4450
       132.3991
       142.3542
       152.3110
       162.2705
       172.2330
       182.1991
       192.1690
       202.1426
       212.1195
       222.0992
       232.0811
       242.0644
       252.0488
       262.0342
       272.0216
       282.0127
       292.0087
     -1643.3277
     -1657.9264
     -1673.1841
     -1688.9421
     -1704.6529
     -1720.2072
     -1735.7415
     -1751.2818
     -1766.8244
     -1782.3340
     -1797.7394
     -1812.9362
     -1827.8065
     -1842.2112
     -1855.9861
     -1868.9594
     -1880.9555
     -1891.8022
     -1901.3413
     -1909.4420
     -1916.0127
     -1921.0126
     -1924.4790
     -1926.5329
     -1927.3773
     -1927.3228
     -1926.7808
     -1926.2205
     -1926.0638
     -1926.4790

 Time[sec]=
   52580448.000000000     
         2.7443
        12.7394
        22.7277
        32.7082
        42.6830
        52.6539
        62.6210
        72.5842
        82.5439
        92.5005
       102.4545
       112.4069
       122.3583
       132.3098
       142.2623
       152.2167
       162.1738
       172.1342
       182.0984
       192.0666
       202.0386
       212.0142
       221.9928
       231.9737
       241.9561
       251.9395
       261.9242
       271.9108
       281.9015
       291.8973
     -1734.8179
     -1750.0606
     -1766.0025
     -1782.4782
     -1798.9063
     -1815.1701
     -1831.4147
     -1847.6674
     -1863.9235
     -1880.1456
     -1896.2583
     -1912.1518
     -1927.7015
     -1942.7604
     -1957.1557
     -1970.7060
     -1983.2259
     -1994.5337
     -2004.4627
     -2012.8747
     -2019.6732
     -2024.8154
     -2028.3403
     -2030.3754
     -2031.1352
     -2030.9473
     -2030.2454
     -2029.5249
     -2029.2302
     -2029.5394

 Time[sec]=
   55209312.000000000     
         2.6777
        12.6725
        22.6601
        32.6395
        42.6129
        52.5821
        62.5473
        72.5084
        82.4659
        92.4200
       102.3715
       112.3212
       122.2701
       132.2189
       142.1688
       152.1207
       162.0755
       172.0338
       181.9960
       191.9624
       201.9330
       211.9073
       221.8848
       231.8646
       241.8460
       251.8287
       261.8125
       271.7984
       281.7887
       291.7842
     -1826.2749
     -1842.1563
     -1858.7774
     -1875.9659
     -1893.1068
     -1910.0752
     -1927.0253
     -1943.9856
     -1960.9507
     -1977.8806
     -1994.6959
     -2011.2816
     -2027.5062
     -2043.2150
     -2058.2262
     -2072.3491
     -2085.3887
     -2097.1537
     -2107.4686
     -2116.1881
     -2123.2109
     -2128.4918
     -2132.0720
     -2134.0850
     -2134.7569
     -2134.4324
     -2133.5678
     -2132.6839
     -2132.2483
     -2132.4483

 Time[sec]=
   57838176.000000000     
         2.6155
        12.6100
        22.5969
        32.5751
        42.5470
        52.5145
        62.4779
        72.4369
        82.3921
        92.3438
       102.2928
       112.2399
       122.1860
       132.1322
       142.0795
       152.0289
       161.9814
       171.9375
       181.8978
       191.8625
       201.8316
       211.8046
       221.7809
       231.7597
       241.7402
       251.7220
       261.7050
       271.6903
       281.6800
       291.6753
     -1917.7345
     -1934.2476
     -1951.5411
     -1969.4358
     -1987.2828
     -2004.9494
     -2022.5984
     -2040.2598
     -2057.9274
     -2075.5587
     -2093.0703
     -2110.3417
     -2127.2349
     -2143.5872
     -2159.2082
     -2173.8977
     -2187.4509
     -2199.6672
     -2210.3623
     -2219.3838
     -2226.6253
     -2232.0397
     -2235.6698
     -2237.6556
     -2238.2347
     -2237.7688
     -2236.7365
     -2235.6842
     -2235.1027
     -2235.1887

 Time[sec]=
   60467040.000000000     
         2.5518
        12.5460
        22.5322
        32.5092
        42.4797
        52.4455
        62.4069
        72.3639
        82.3168
        92.2661
       102.2125
       112.1570
       122.1004
       132.0439
       141.9886
       151.9355
       161.8856
       171.8396
       181.7980
       191.7610
       201.7286
       211.7003
       221.6754
       231.6532
       241.6328
       251.6137
       261.5958
       271.5804
       281.5697
       291.5648
     -2009.1554
     -2026.2959
     -2044.2575
     -2062.8547
     -2081.4042
     -2099.7651
     -2118.1092
     -2136.4679
     -2154.8343
     -2173.1632
     -2191.3673
     -2209.3209
     -2226.8791
     -2243.8715
     -2260.0989
     -2275.3516
     -2289.4152
     -2302.0796
     -2313.1519
     -2322.4725
     -2329.9299
     -2335.4752
     -2339.1528
     -2341.1091
     -2341.5930
     -2340.9834
     -2339.7812
     -2338.5584
     -2337.8289
     -2337.7986

 Time[sec]=
   63095904.000000000     
         2.4917
        12.4855
        22.4710
        32.4469
        42.4159
        52.3800
        62.3395
        72.2944
        82.2451
        92.1919
       102.1358
       112.0775
       122.0183
       131.9591
       141.9012
       151.8456
       161.7934
       171.7452
       181.7016
       191.6629
       201.6290
       211.5994
       221.5734
       231.5501
       241.5288
       251.5088
       261.4902
       271.4741
       281.4628
       291.4577
     -2100.5718
     -2118.3332
     -2136.9568
     -2156.2504
     -2175.4964
     -2194.5455
     -2213.5787
     -2232.6288
     -2251.6881
     -2270.7087
     -2289.5995
     -2308.2294
     -2326.4469
     -2344.0736
     -2360.9017
     -2376.7121
     -2391.2807
     -2404.3879
     -2415.8323
     -2425.4469
     -2433.1154
     -2438.7867
     -2442.5072
     -2444.4293
     -2444.8136
     -2444.0558
     -2442.6793
     -2441.2816
     -2440.3996
     -2440.2486

 Time[sec]=
   65724768.000000000     
         2.4307
        12.4243
        22.4091
        32.3838
        42.3512
        52.3136
        62.2713
        72.2241
        82.1724
        92.1168
       102.0581
       111.9972
       121.9353
       131.8734
       141.8128
       151.7548
       161.7002
       171.6499
       181.6044
       191.5639
       201.5285
       211.4976
       221.4704
       231.4462
       241.4239
       251.4030
       261.3836
       271.3668
       281.3550
       291.3497
     -2191.9557
     -2210.3342
     -2229.6161
     -2249.6028
     -2269.5420
     -2289.2761
     -2308.9951
     -2328.7332
     -2348.4820
     -2368.1912
     -2387.7655
     -2407.0685
     -2425.9420
     -2444.2001
     -2461.6260
     -2477.9911
     -2493.0619
     -2506.6092
     -2518.4230
     -2528.3292
     -2536.2065
     -2542.0017
     -2545.7628
     -2547.6489
     -2547.9316
     -2547.0239
     -2545.4712
     -2543.8968
     -2542.8604
     -2542.5868

 Time[sec]=
   68353632.000000000     
         2.3722
        12.3655
        22.3495
        32.3230
        42.2890
        52.2496
        62.2054
        72.1561
        82.1021
        92.0440
       101.9827
       111.9192
       121.8545
       131.7900
       141.7268
       151.6662
       161.6093
       171.5568
       181.5093
       191.4672
       201.4302
       211.3980
       221.3697
       231.3444
       241.3212
       251.2995
       261.2792
       271.2617
       281.2495
       291.2440
     -2283.3215
     -2302.3116
     -2322.2463
     -2342.9210
     -2363.5483
     -2383.9621
     -2404.3618
     -2424.7829
     -2445.2160
     -2465.6086
     -2485.8614
     -2505.8325
     -2525.3573
     -2544.2418
     -2562.2606
     -2579.1758
     -2594.7442
     -2608.7271
     -2620.9060
     -2631.0995
     -2639.1814
     -2645.0965
     -2648.8945
     -2650.7407
     -2650.9182
     -2649.8569
     -2648.1244
     -2646.3696
     -2645.1753
     -2644.7756

 Time[sec]=
   70982496.000000000     
         2.3139
        12.3068
        22.2901
        32.2625
        42.2269
        52.1858
        62.1396
        72.0882
        82.0319
        91.9714
       101.9075
       111.8412
       121.7739
       131.7066
       141.6408
       151.5777
       161.5184
       171.4638
       181.4144
       191.3705
       201.3321
       211.2985
       221.2691
       231.2428
       241.2186
       251.1960
       261.1749
       271.1567
       281.1440
       291.1383
     -2374.6628
     -2394.2606
     -2414.8446
     -2436.2040
     -2457.5161
     -2478.6064
     -2499.6834
     -2520.7841
     -2541.8984
     -2562.9712
     -2583.8992
     -2604.5353
     -2624.7082
     -2644.2161
     -2662.8248
     -2680.2872
     -2696.3503
     -2710.7662
     -2723.3076
     -2733.7860
     -2742.0702
     -2748.1030
     -2751.9358
     -2753.7401
     -2753.8104
     -2752.5936
     -2750.6795
     -2748.7425
     -2747.3884
     -2746.8604

 Time[sec]=
   73611360.000000000     
         2.2566
        12.2492
        22.2318
        32.2030
        42.1658
        52.1231
        62.0749
        72.0214
        81.9628
        91.8998
       101.8332
       111.7643
       121.6942
       131.6243
       141.5558
       151.4902
       161.4286
       171.3717
       181.3204
       191.2748
       201.2348
       211.2000
       221.1694
       231.1421
       241.1170
       251.0935
       261.0716
       271.0527
       281.0395
       291.0336
     -2465.9766
     -2486.1777
     -2507.4065
     -2529.4464
     -2551.4393
     -2573.2018
     -2594.9520
     -2616.7281
     -2638.5195
     -2660.2683
     -2681.8676
     -2703.1647
     -2723.9816
     -2744.1090
     -2763.3039
     -2781.3098
     -2797.8640
     -2812.7093
     -2825.6098
     -2836.3698
     -2844.8531
     -2851.0006
     -2854.8653
     -2856.6249
     -2856.5853
     -2855.2104
     -2853.1120
     -2850.9900
     -2849.4733
     -2848.8146

 Time[sec]=
   76240224.000000000     
         2.2006
        12.1929
        22.1747
        32.1447
        42.1060
        52.0615
        62.0114
        71.9557
        81.8948
        91.8293
       101.7601
       111.6885
       121.6157
       131.5430
       141.4719
       151.4038
       161.3398
       171.2808
       181.2275
       191.1802
       201.1387
       211.1026
       221.0708
       231.0425
       241.0165
       250.9921
       260.9694
       270.9498
       280.9361
       290.9299
     -2557.2672
     -2578.0675
     -2599.9374
     -2622.6543
     -2645.3244
     -2667.7556
     -2690.1755
     -2712.6236
     -2735.0886
     -2757.5100
     -2779.7770
     -2801.7317
     -2823.1895
     -2843.9331
     -2863.7109
     -2882.2571
     -2899.2994
     -2914.5712
     -2927.8280
     -2938.8670
     -2947.5469
     -2953.8065
     -2957.7008
     -2959.4134
     -2959.2618
     -2957.7265
     -2955.4416
     -2953.1326
     -2951.4512
     -2950.6595

 Time[sec]=
   78869088.000000000     
         2.1446
        12.1366
        22.1177
        32.0864
        42.0462
        51.9999
        61.9479
        71.8900
        81.8268
        91.7588
       101.6870
       111.6127
       121.5371
       131.4618
       141.3880
       151.3173
       161.2510
       171.1898
       181.1346
       191.0855
       201.0426
       211.0051
       220.9722
       230.9428
       240.9159
       250.8906
       260.8671
       270.8468
       280.8326
       290.8262
     -2648.5299
     -2669.9258
     -2692.4332
     -2715.8238
     -2739.1679
     -2762.2646
     -2785.3508
     -2808.4676
     -2831.6028
     -2854.6937
     -2877.6253
     -2900.2344
     -2922.3299
     -2943.6866
     -2964.0444
     -2983.1280
     -3000.6557
     -3016.3513
     -3029.9618
     -3041.2773
     -3050.1515
     -3056.5212
     -3060.4429
     -3062.1066
     -3061.8410
     -3060.1435
     -3057.6703
     -3055.1725
     -3053.3244
     -3052.3978

 Time[sec]=
   81497952.000000000     
         2.0905
        12.0821
        22.0625
        32.0300
        41.9882
        51.9402
        61.8862
        71.8262
        81.7605
        91.6901
       101.6157
       111.5386
       121.4603
       131.3822
       141.3058
       151.2326
       161.1639
       171.1006
       181.0434
       190.9926
       200.9481
       210.9093
       220.8753
       230.8449
       240.8170
       250.7909
       260.7666
       270.7455
       280.7309
       290.7243
     -2739.7662
     -2761.7536
     -2784.8946
     -2808.9554
     -2832.9700
     -2856.7284
     -2880.4773
     -2904.2592
     -2928.0611
     -2951.8178
     -2975.4105
     -2998.6705
     -3021.4002
     -3043.3668
     -3064.3012
     -3083.9190
     -3101.9289
     -3118.0453
     -3132.0066
     -3143.5958
     -3152.6616
     -3159.1387
     -3163.0854
     -3164.6979
     -3164.3159
     -3162.4539
     -3159.7902
     -3157.1011
     -3155.0842
     -3154.0203

 Time[sec]=
   84126816.000000000     
         2.0359
        12.0272
        22.0068
        31.9731
        41.9297
        51.8799
        61.8240
        71.7618
        81.6938
        91.6208
       101.5438
       111.4640
       121.3830
       131.3022
       141.2231
       151.1474
       161.0762
       171.0108
       180.9516
       190.8991
       200.8531
       210.8130
       220.7778
       230.7464
       240.7176
       250.6906
       260.6654
       270.6437
       280.6286
       290.6218
     -2830.9735
     -2853.5493
     -2877.3211
     -2902.0492
     -2926.7316
     -2951.1491
     -2975.5580
     -3000.0023
     -3024.4682
     -3048.8882
     -3073.1392
     -3097.0477
     -3120.4091
     -3142.9829
     -3164.4916
     -3184.6413
     -3203.1311
     -3219.6662
     -3233.9763
     -3245.8373
     -3255.0930
     -3261.6759
     -3265.6461
     -3267.2058
     -3266.7061
     -3264.6783
     -3261.8227
     -3258.9410
     -3256.7538
     -3255.5513

 Time[sec]=
   86755680.000000000     
         1.9833
        11.9742
        21.9531
        31.9181
        41.8732
        51.8216
        61.7637
        71.6993
        81.6290
        91.5535
       101.4738
       111.3913
       121.3075
       131.2240
       141.1422
       151.0640
       160.9905
       170.9228
       180.8617
       190.8075
       200.7600
       210.7185
       220.6822
       230.6498
       240.6200
       250.5921
       260.5662
       270.5438
       280.5281
       290.5211
     -2922.1554
     -2945.3158
     -2969.7145
     -2995.1066
     -3020.4533
     -3045.5263
     -3070.5917
     -3095.6948
     -3120.8214
     -3145.9010
     -3170.8071
     -3195.3605
     -3219.3503
     -3242.5282
     -3264.6079
     -3285.2864
     -3304.2531
     -3321.2039
     -3335.8600
     -3347.9902
     -3357.4331
     -3364.1194
     -3368.1107
     -3369.6153
     -3368.9957
     -3366.7999
     -3363.7502
     -3360.6738
     -3358.3141
     -3356.9708

 Time[sec]=
   89384544.000000000     
         1.9302
        11.9208
        21.8989
        31.8627
        41.8162
        51.7628
        61.7029
        71.6363
        81.5636
        91.4856
       101.4033
       111.3181
       121.2315
       131.1452
       141.0608
       150.9800
       160.9041
       170.8343
       180.7712
       190.7152
       200.6662
       210.6235
       220.5860
       230.5526
       240.5219
       250.4931
       260.4663
       270.4432
       280.4271
       290.4198
     -3013.3032
     -3037.0454
     -3062.0685
     -3088.1220
     -3114.1308
     -3139.8569
     -3165.5764
     -3191.3360
     -3217.1208
     -3242.8579
     -3268.4167
     -3293.6128
     -3318.2287
     -3342.0085
     -3364.6571
     -3385.8624
     -3405.3041
     -3422.6688
     -3437.6692
     -3450.0670
     -3459.6957
     -3466.4840
     -3470.4951
     -3471.9436
     -3471.2029
     -3468.8380
     -3465.5931
     -3462.3209
     -3459.7876
     -3458.3023

 Time[sec]=
   92013408.000000000     
         1.8788
        11.8690
        21.8463
        31.8089
        41.7608
        51.7056
        61.6437
        71.5749
        81.4999
        91.4193
       101.3343
       111.2464
       121.1570
       131.0680
       140.9809
       150.8975
       160.8193
       170.7473
       180.6822
       190.6245
       200.5740
       210.5300
       220.4914
       230.4569
       240.4253
       250.3956
       260.3680
       270.3442
       280.3276
       290.3201
     -3104.4292
     -3128.7496
     -3154.3934
     -3181.1052
     -3207.7728
     -3234.1487
     -3260.5190
     -3286.9318
     -3313.3715
     -3339.7628
     -3365.9711
     -3391.8068
     -3417.0457
     -3441.4243
     -3464.6389
     -3486.3680
     -3506.2819
     -3524.0579
     -3539.4000
     -3552.0628
     -3561.8749
     -3568.7630
     -3572.7918
     -3574.1820
     -3573.3183
     -3570.7823
     -3567.3403
     -3563.8703
     -3561.1613
     -3559.5320

 Time[sec]=
   94642272.000000000     
         1.8272
        11.8171
        21.7936
        31.7549
        41.7052
        51.6482
        61.5843
        71.5134
        81.4359
        91.3528
       101.2651
       111.1744
       121.0823
       130.9905
       140.9008
       150.8149
       160.7342
       170.6600
       180.5930
       190.5336
       200.4816
       210.4362
       220.3965
       230.3610
       240.3284
       250.2979
       260.2695
       270.2449
       280.2278
       290.2201
     -3195.5178
     -3220.4137
     -3246.6759
     -3274.0439
     -3301.3681
     -3328.3916
     -3355.4105
     -3382.4744
     -3409.5668
     -3436.6101
     -3463.4658
     -3489.9390
     -3515.7989
     -3540.7743
     -3564.5530
     -3586.8040
     -3607.1884
     -3625.3739
     -3641.0562
     -3653.9827
     -3663.9769
     -3670.9636
     -3675.0090
     -3676.3399
     -3675.3522
     -3672.6442
     -3669.0041
     -3665.3353
     -3662.4497
     -3660.6754

 Time[sec]=
   97271136.000000000     
         1.7767
        11.7662
        21.7420
        31.7020
        41.6507
        51.5919
        61.5260
        71.4528
        81.3730
        91.2873
       101.1970
       111.1035
       121.0086
       130.9140
       140.8216
       150.7332
       160.6501
       170.5738
       180.5048
       190.4437
       200.3901
       210.3435
       220.3026
       230.2660
       240.2325
       250.2011
       260.1719
       270.1467
       280.1291
       290.1211
     -3286.5830
     -3312.0512
     -3338.9286
     -3366.9497
     -3394.9276
     -3422.5958
     -3450.2603
     -3477.9722
     -3505.7145
     -3533.4069
     -3560.9071
     -3588.0149
     -3614.4930
     -3640.0625
     -3664.4026
     -3687.1730
     -3708.0253
     -3726.6180
     -3742.6382
     -3755.8261
     -3766.0005
     -3773.0837
     -3777.1439
     -3778.4137
     -3777.3003
     -3774.4186
     -3770.5788
     -3766.7095
     -3763.6456
     -3761.7246

 Time[sec]=
   99900000.000000000     
         1.7265
        11.7157
        21.6907
        31.6494
        41.5966
        51.5359
        61.4679
        71.3926
        81.3103
        91.2221
       101.1291
       111.0329
       120.9352
       130.8379
       140.7428
       150.6517
       160.5663
       170.4878
       180.4168
       190.3540
       200.2989
       210.2510
       220.2089
       230.1714
       240.1369
       250.1046
       260.0746
       270.0486
       280.0306
       290.0224
     -3377.6135
     -3403.6515
     -3431.1417
     -3459.8138
     -3488.4434
     -3516.7540
     -3545.0619
     -3573.4197
     -3601.8096
     -3630.1490
     -3658.2917
     -3686.0320
     -3713.1263
     -3739.2879
     -3764.1874
     -3787.4755
     -3808.7940
     -3827.7923
     -3844.1488
     -3857.5968
     -3867.9500
     -3875.1286
     -3879.2024
     -3880.4102
     -3879.1701
     -3876.1138
     -3872.0732
     -3868.0025
     -3864.7592
     -3862.6905

 Time[sec]=
   102528864.00000000     
         1.6769
        11.6657
        21.6399
        31.5973
        41.5428
        51.4803
        61.4103
        71.3327
        81.2481
        91.1573
       101.0616
       110.9626
       120.8621
       130.7621
       140.6643
       150.5707
       160.4829
       170.4021
       180.3292
       190.2646
       200.2081
       210.1588
       220.1156
       230.0770
       240.0417
       250.0085
       259.9776
       269.9510
       279.9324
       289.9241
     -3468.6149
     -3495.2198
     -3523.3201
     -3552.6406
     -3581.9194
     -3610.8699
     -3639.8188
     -3668.8199
     -3697.8550
     -3726.8390
     -3755.6215
     -3783.9920
     -3811.7001
     -3838.4516
     -3863.9083
     -3887.7118
     -3909.4944
     -3928.8963
     -3945.5873
     -3959.2936
     -3969.8239
     -3977.0965
     -3981.1825
     -3982.3268
     -3980.9587
     -3977.7265
     -3973.4840
     -3969.2105
     -3965.7866
     -3963.5688

 Time[sec]=
   105157728.00000000     
         1.6280
        11.6165
        21.5899
        31.5461
        41.4899
        51.4256
        61.3536
        71.2737
        81.1867
        91.0933
       100.9949
       110.8932
       120.7899
       130.6870
       140.5865
       150.4904
       160.4002
       170.3172
       180.2424
       190.1761
       200.1180
       210.0674
       220.0231
       229.9835
       239.9472
       249.9131
       259.8814
       269.8541
       279.8351
       289.8265
     -3559.5872
     -3586.7563
     -3615.4642
     -3645.4309
     -3675.3565
     -3704.9447
     -3734.5321
     -3764.1743
     -3793.8522
     -3823.4784
     -3852.8987
     -3881.8971
     -3910.2168
     -3937.5559
     -3963.5678
     -3987.8847
     -4010.1296
     -4029.9333
     -4046.9571
     -4060.9202
     -4071.6262
     -4078.9913
     -4083.0883
     -4084.1680
     -4082.6708
     -4079.2615
     -4074.8159
     -4070.3386
     -4066.7329
     -4064.3648

 Time[sec]=
   107786592.00000000     
         1.5792
        11.5673
        21.5399
        31.4948
        41.4370
        51.3708
        61.2968
        71.2147
        81.1252
        91.0292
       100.9281
       110.8236
       120.7175
       130.6119
       140.5087
       150.4100
       160.3174
       170.2323
       180.1555
       190.0874
       200.0278
       209.9759
       219.9305
       229.8898
       239.8526
       249.8177
       259.7852
       269.7571
       279.7376
       289.7288
     -3650.5255
     -3678.2564
     -3707.5697
     -3738.1805
     -3768.7510
     -3798.9747
     -3829.1986
     -3859.4798
     -3889.7986
     -3920.0649
     -3950.1209
     -3979.7453
     -4008.6748
     -4036.5997
     -4063.1650
     -4087.9936
     -4110.6991
     -4130.9030
     -4148.2583
     -4162.4768
     -4173.3573
     -4180.8139
     -4184.9208
     -4185.9350
     -4184.3078
     -4180.7207
     -4176.0712
     -4171.3891
     -4167.6007
     -4165.0814

 Time[sec]=
   110415456.00000000     
         1.5315
        11.5192
        21.4910
        31.4446
        41.3852
        51.3171
        61.2410
        71.1567
        81.0648
        90.9662
       100.8624
       110.7551
       120.6462
       130.5378
       140.4319
       150.3306
       160.2356
       170.1483
       180.0695
       189.9997
       199.9387
       209.8855
       219.8388
       229.7972
       239.7590
       249.7232
       259.6899
       269.6611
       279.6411
       289.6321
     -3741.4366
     -3769.7265
     -3799.6425
     -3830.8950
     -3862.1081
     -3892.9648
     -3923.8227
     -3954.7405
     -3985.6977
     -4016.6019
     -4047.2912
     -4077.5393
     -4107.0762
     -4135.5847
     -4162.7012
     -4188.0394
     -4211.2035
     -4231.8058
     -4249.4907
     -4263.9630
     -4275.0164
     -4282.5630
     -4286.6785
     -4287.6258
     -4285.8674
     -4282.1011
     -4277.2465
     -4272.3583
     -4268.3859
     -4265.7142

 Time[sec]=
   113044320.00000000     
         1.4836
        11.4710
        21.4420
        31.3943
        41.3332
        51.2633
        61.1851
        71.0985
        81.0042
        90.9030
       100.7965
       110.6864
       120.5747
       130.4635
       140.3549
       150.2510
       160.1537
       170.0641
       179.9834
       189.9119
       199.8493
       209.7948
       219.7470
       229.7044
       239.6652
       249.6285
       259.5944
       269.5650
       279.5444
       289.5352
     -3832.3119
     -3861.1589
     -3891.6755
     -3923.5681
     -3955.4219
     -3986.9099
     -4018.4001
     -4049.9527
     -4081.5465
     -4113.0868
     -4144.4078
     -4175.2778
     -4205.4205
     -4234.5111
     -4262.1772
     -4288.0237
     -4311.6451
     -4332.6445
     -4350.6578
     -4365.3828
     -4376.6083
     -4384.2440
     -4388.3674
     -4389.2472
     -4387.3569
     -4383.4109
     -4378.3505
     -4373.2557
     -4369.0987
     -4366.2738

 Time[sec]=
   115673184.00000000     
         1.4367
        11.4237
        21.3939
        31.3449
        41.2821
        51.2103
        61.1301
        71.0413
        80.9444
        90.8407
       100.7315
       110.6186
       120.5040
       130.3900
       140.2787
       150.1723
       160.0725
       169.9808
       179.8981
       189.8249
       199.7608
       209.7050
       219.6560
       229.6124
       239.5723
       249.5347
       259.4998
       269.4696
       279.4486
       289.4391
     -3923.1592
     -3952.5605
     -3983.6753
     -4016.2056
     -4048.6980
     -4080.8149
     -4112.9351
     -4145.1201
     -4177.3483
     -4209.5224
     -4241.4728
     -4272.9626
     -4303.7089
     -4333.3793
     -4361.5931
     -4387.9458
     -4412.0226
     -4433.4173
     -4451.7574
     -4466.7336
     -4478.1296
     -4485.8531
     -4489.9830
     -4490.7941
     -4488.7708
     -4484.6440
     -4479.3767
     -4474.0741
     -4469.7312
     -4466.7520

 Time[sec]=
   118302048.00000000     
         1.3900
        11.3765
        21.3459
        31.2956
        41.2312
        51.1575
        61.0752
        70.9841
        80.8848
        90.7784
       100.6665
       110.5508
       120.4334
       130.3166
       140.2026
       150.0936
       159.9914
       169.8975
       179.8129
       189.7379
       199.6723
       209.6152
       219.5651
       229.5204
       239.4794
       249.4410
       259.4052
       269.3743
       279.3528
       289.3431
     -4013.9716
     -4043.9252
     -4075.6364
     -4108.8026
     -4141.9319
     -4174.6760
     -4207.4245
     -4240.2402
     -4273.1011
     -4305.9073
     -4338.4855
     -4370.5934
     -4401.9418
     -4432.1905
     -4460.9505
     -4487.8080
     -4512.3389
     -4534.1277
     -4552.7935
     -4568.0198
     -4579.5854
     -4587.3959
     -4591.5318
     -4592.2735
     -4590.1166
     -4585.8084
     -4580.3336
     -4574.8226
     -4570.2933
     -4567.1590

 Time[sec]=
   120930912.00000000     
         1.3437
        11.3299
        21.2985
        31.2468
        41.1807
        51.1052
        61.0208
        70.9274
        80.8257
        90.7167
       100.6020
       110.4835
       120.3633
       130.2437
       140.1270
       150.0154
       159.9108
       169.8147
       179.7281
       189.6514
       199.5842
       209.5258
       219.4746
       229.4289
       239.3870
       249.3477
       259.3111
       269.2795
       279.2575
       289.2476
     -4104.7538
     -4135.2575
     -4167.5627
     -4201.3629
     -4235.1271
     -4268.4964
     -4301.8710
     -4335.3154
     -4368.8070
     -4402.2433
     -4435.4472
     -4468.1713
     -4500.1198
     -4530.9451
     -4560.2494
     -4587.6101
     -4612.5933
     -4634.7747
     -4653.7648
     -4669.2400
     -4680.9740
     -4688.8705
     -4693.0111
     -4693.6826
     -4691.3912
     -4686.9007
     -4681.2175
     -4675.4972
     -4670.7804
     -4667.4902

 Time[sec]=
   123559776.00000000     
         1.2979
        11.2838
        21.2515
        31.1985
        41.1307
        51.0533
        60.9668
        70.8711
        80.7669
        90.6553
       100.5379
       110.4166
       120.2935
       130.1711
       140.0517
       149.9375
       159.8305
       169.7322
       179.6437
       189.5652
       199.4966
       209.4369
       219.3845
       229.3378
       239.2949
       249.2547
       259.2173
       269.1851
       279.1626
       289.1524
     -4195.5030
     -4226.5546
     -4259.4519
     -4293.8843
     -4328.2816
     -4362.2743
     -4396.2733
     -4430.3446
     -4464.4651
     -4498.5297
     -4532.3577
     -4565.6962
     -4598.2432
     -4629.6434
     -4659.4906
     -4687.3529
     -4712.7872
     -4735.3599
     -4754.6730
     -4770.3959
     -4782.2975
     -4790.2789
     -4794.4237
     -4795.0242
     -4792.5976
     -4787.9241
     -4782.0319
     -4776.1016
     -4771.1966
     -4767.7497

 Time[sec]=
   126188640.00000000     
         1.2524
        11.2378
        21.2048
        31.1504
        41.0809
        51.0016
        60.9130
        70.8150
        80.7083
        90.5941
       100.4739
       110.3498
       120.2239
       130.0987
       139.9765
       149.8598
       159.7504
       169.6499
       179.5593
       189.4792
       199.4090
       209.3480
       219.2945
       229.2468
       239.2030
       249.1619
       259.1237
       269.0907
       279.0677
       289.0574
     -4286.2197
     -4317.8171
     -4351.3045
     -4386.3675
     -4421.3963
     -4456.0106
     -4490.6321
     -4525.3286
     -4560.0762
     -4594.7675
     -4629.2177
     -4663.1691
     -4696.3130
     -4728.2865
     -4758.6750
     -4787.0374
     -4812.9215
     -4835.8842
     -4855.5193
     -4871.4889
     -4883.5570
     -4891.6226
     -4895.7707
     -4896.2995
     -4893.7371
     -4888.8801
     -4882.7781
     -4876.6372
     -4871.5434
     -4867.9390

 Time[sec]=
   128817504.00000000     
         1.2075
        11.1926
        21.1586
        31.1029
        41.0318
        50.9505
        60.8598
        70.7595
        80.6504
        90.5335
       100.4106
       110.2836
       120.1549
       130.0269
       139.9020
       149.7826
       159.6708
       169.5682
       179.4756
       189.3937
       199.3221
       209.2598
       219.2052
       229.1564
       239.1117
       249.0697
       259.0307
       268.9970
       278.9735
       288.9629
     -4376.9047
     -4409.0458
     -4443.1214
     -4478.8130
     -4514.4715
     -4549.7055
     -4584.9478
     -4620.2676
     -4655.6404
     -4690.9566
     -4726.0273
     -4760.5898
     -4794.3288
     -4826.8740
     -4857.8021
     -4886.6633
     -4912.9956
     -4936.3470
     -4956.3027
     -4972.5180
     -4984.7515
     -4992.9004
     -4997.0510
     -4997.5073
     -4994.8083
     -4989.7670
     -4983.4546
     -4977.1022
     -4971.8188
     -4968.0562

 Time[sec]=
   131446368.00000000     
         1.1626
        11.1473
        21.1126
        31.0555
        40.9826
        50.8995
        60.8067
        70.7041
        80.5924
        90.4729
       100.3472
       110.2174
       120.0859
       129.9550
       139.8274
       149.7055
       159.5913
       169.4864
       179.3919
       189.3082
       199.2351
       209.1715
       219.1157
       229.0660
       239.0203
       248.9775
       258.9376
       268.9032
       278.8792
       288.8684
     -4467.5556
     -4500.2386
     -4534.9006
     -4571.2193
     -4607.5060
     -4643.3582
     -4679.2197
     -4715.1613
     -4751.1578
     -4787.0973
     -4822.7871
     -4857.9591
     -4892.2918
     -4925.4073
     -4956.8739
     -4986.2324
     -5013.0119
     -5036.7509
     -5057.0263
     -5073.4863
     -5085.8846
     -5094.1161
     -5098.2686
     -5098.6519
     -5095.8158
     -5090.5898
     -5084.0666
     -5077.5023
     -5072.0287
     -5068.1073

 Time[sec]=
   134075232.00000000     
         1.1185
        11.1028
        21.0672
        31.0088
        40.9342
        50.8490
        60.7541
        70.6492
        80.5351
        90.4129
       100.2845
       110.1518
       120.0174
       129.8838
       139.7534
       149.6289
       159.5123
       169.4052
       179.3087
       189.2234
       199.1487
       209.0838
       219.0269
       228.9761
       238.9295
       248.8858
       258.8451
       268.8100
       278.7856
       288.7745
     -4558.1756
     -4591.3984
     -4626.6448
     -4663.5889
     -4700.5020
     -4736.9706
     -4773.4494
     -4810.0110
     -4846.6295
     -4883.1905
     -4919.4976
     -4955.2775
     -4990.2022
     -5023.8863
     -5055.8898
     -5085.7442
     -5112.9694
     -5137.0948
     -5157.6887
     -5174.3923
     -5186.9544
     -5195.2676
     -5199.4211
     -5199.7307
     -5196.7569
     -5191.3454
     -5184.6107
     -5177.8336
     -5172.1691
     -5168.0882

 Time[sec]=
   136704096.00000000     
         1.0744
        11.0583
        21.0219
        30.9621
        40.8858
        50.7987
        60.7017
        70.5945
        80.4778
        90.3530
       100.2218
       110.0863
       119.9490
       129.8126
       139.6795
       149.5523
       159.4333
       169.3240
       179.2256
       189.1385
       199.0624
       208.9962
       218.9381
       228.8863
       238.8388
       248.7942
       258.7527
       268.7169
       278.6919
       288.6807
     -4648.7613
     -4682.5220
     -4718.3513
     -4755.9193
     -4793.4574
     -4830.5409
     -4867.6356
     -4904.8156
     -4942.0546
     -4979.2357
     -5016.1587
     -5052.5450
     -5088.0605
     -5122.3119
     -5154.8509
     -5185.2002
     -5212.8700
     -5237.3806
     -5258.2922
     -5275.2386
     -5287.9638
     -5296.3581
     -5300.5122
     -5300.7476
     -5297.6357
     -5292.0384
     -5285.0916
     -5278.1015
     -5272.2456
     -5268.0046

 Time[sec]=
   139332960.00000000     
         1.0308
        11.0143
        20.9770
        30.9159
        40.8378
        50.7489
        60.6497
        70.5401
        80.4210
        90.2935
       100.1595
       110.0212
       119.8810
       129.7417
       139.6059
       149.4762
       159.3547
       169.2432
       179.1429
       189.0540
       198.9764
       208.9089
       218.8497
       228.7969
       238.7485
       248.7030
       258.6607
       268.6241
       278.5987
       288.5872
     -4739.3152
     -4773.6121
     -4810.0223
     -4848.2126
     -4886.3742
     -4924.0709
     -4961.7798
     -4999.5766
     -5037.4345
     -5075.2340
     -5112.7713
     -5149.7625
     -5185.8671
     -5220.6844
     -5253.7576
     -5284.6003
     -5312.7134
     -5337.6082
     -5358.8363
     -5376.0246
     -5388.9120
     -5397.3867
     -5401.5407
     -5401.7013
     -5398.4507
     -5392.6670
     -5385.5077
     -5378.3039
     -5372.2560
     -5367.8543

 Time[sec]=
   141961824.00000000     
         0.9876
        10.9707
        20.9325
        30.8700
        40.7902
        50.6993
        60.5980
        70.4861
        80.3644
        90.2343
       100.0975
       109.9563
       119.8133
       129.6712
       139.5326
       149.4003
       159.2764
       169.1627
       179.0604
       188.9698
       198.8907
       208.8219
       218.7616
       228.7078
       238.6584
       248.6120
       258.5689
       268.5317
       278.5057
       288.4940
     -4829.8355
     -4864.6667
     -4901.6562
     -4940.4674
     -4979.2509
     -5017.5594
     -5055.8810
     -5094.2932
     -5132.7684
     -5171.1849
     -5209.3350
     -5246.9298
     -5283.6221
     -5319.0040
     -5352.6101
     -5383.9450
     -5412.5004
     -5437.7783
     -5459.3221
     -5476.7514
     -5489.8003
     -5498.3547
     -5502.5081
     -5502.5934
     -5499.2037
     -5493.2332
     -5485.8609
     -5478.4429
     -5472.2025
     -5467.6396

 Time[sec]=
   144590688.00000000     
         0.9445
        10.9272
        20.8882
        30.8243
        40.7428
        50.6499
        60.5464
        70.4322
        80.3080
        90.1752
       100.0356
       109.8916
       119.7457
       129.6007
       139.4594
       149.3245
       159.1982
       169.0823
       178.9780
       188.8858
       198.8051
       208.7350
       218.6736
       228.6187
       238.5684
       248.5212
       258.4772
       268.4393
       278.4128
       288.4009
     -4920.3228
     -4955.6865
     -4993.2537
     -5032.6844
     -5072.0886
     -5111.0072
     -5149.9401
     -5188.9662
     -5228.0573
     -5267.0893
     -5305.8508
     -5344.0477
     -5381.3265
     -5417.2716
     -5451.4094
     -5483.2353
     -5512.2319
     -5537.8920
     -5559.7505
     -5577.4201
     -5590.6298
     -5599.2634
     -5603.4156
     -5603.4252
     -5599.8959
     -5593.7383
     -5586.1526
     -5578.5200
     -5572.0866
     -5567.3620

 Time[sec]=
   147219552.00000000     
         0.9020
        10.8843
        20.8444
        30.7791
        40.6958
        50.6010
        60.4954
        70.3788
        80.2521
        90.1166
        99.9742
       109.8273
       119.6785
       129.5307
       139.3867
       149.2491
       159.1205
       169.0024
       178.8961
       188.8021
       198.7200
       208.6486
       218.5860
       228.5302
       238.4789
       248.4308
       258.3860
       268.3474
       278.3204
       288.3083
     -5010.7777
     -5046.6722
     -5084.8155
     -5124.8641
     -5164.8873
     -5204.4147
     -5243.9573
     -5283.5957
     -5323.3012
     -5362.9473
     -5402.3188
     -5441.1163
     -5478.9801
     -5515.4871
     -5550.1553
     -5582.4711
     -5611.9076
     -5637.9489
     -5660.1211
     -5678.0302
     -5691.3999
     -5700.1120
     -5704.2625
     -5704.1959
     -5700.5266
     -5694.1812
     -5686.3817
     -5678.5340
     -5671.9071
     -5667.0202

 Time[sec]=
   149848416.00000000     
         0.8596
        10.8414
        20.8007
        30.7340
        40.6490
        50.5521
        60.4444
        70.3254
        80.1962
        90.0580
        99.9128
       109.7630
       119.6114
       129.4607
       139.3140
       149.1738
       159.0427
       168.9224
       178.8142
       188.7185
       198.6348
       208.5621
       218.4984
       228.4416
       238.3894
       248.3404
       258.2948
       268.2555
       278.2280
       288.2156
     -5101.1983
     -5137.6221
     -5176.3398
     -5217.0051
     -5257.6462
     -5297.7810
     -5337.9320
     -5378.1814
     -5418.5000
     -5458.7589
     -5498.7390
     -5538.1359
     -5576.5836
     -5613.6513
     -5648.8487
     -5681.6533
     -5711.5289
     -5737.9504
     -5760.4357
     -5778.5835
     -5792.1128
     -5800.9029
     -5805.0513
     -5804.9082
     -5801.0985
     -5794.5653
     -5786.5516
     -5778.4885
     -5771.6676
     -5766.6181

 Time[sec]=
   152477280.00000000     
         0.8176
        10.7991
        20.7575
        30.6894
        40.6026
        50.5038
        60.3938
        70.2725
        80.1407
        89.9998
        99.8519
       109.6992
       119.5447
       129.3912
       139.2416
       149.0989
       158.9654
       168.8429
       178.7327
       188.6352
       198.5501
       208.4761
       218.4113
       228.3534
       238.3003
       248.2505
       258.2041
       268.1640
       278.1361
       288.1234
     -5191.5869
     -5228.5382
     -5267.8289
     -5309.1093
     -5350.3669
     -5391.1076
     -5431.8655
     -5472.7244
     -5513.6546
     -5554.5248
     -5595.1121
     -5635.1071
     -5674.1371
     -5711.7643
     -5747.4897
     -5780.7819
     -5811.0955
     -5837.8962
     -5860.6936
     -5879.0794
     -5892.7675
     -5901.6349
     -5905.7807
     -5905.5606
     -5901.6102
     -5894.8885
     -5886.6602
     -5878.3812
     -5871.3659
     -5866.1532

 Time[sec]=
   155106144.00000000     
         0.7758
        10.7568
        20.7144
        30.6449
        40.5563
        50.4555
        60.3434
        70.2198
        80.0854
        89.9418
        99.7910
       109.6355
       119.4781
       129.3217
       139.1694
       149.0241
       158.8881
       168.7634
       178.6513
       188.5521
       198.4655
       208.3902
       218.3243
       228.2654
       238.2114
       248.1606
       258.1134
       268.0726
       278.0442
       288.0313
     -5281.9412
     -5319.4184
     -5359.2805
     -5401.1750
     -5443.0478
     -5484.3931
     -5525.7566
     -5567.2237
     -5608.7642
     -5650.2445
     -5691.4378
     -5732.0296
     -5771.6410
     -5809.8264
     -5846.0788
     -5879.8576
     -5910.6083
     -5937.7874
     -5960.8962
     -5979.5194
     -5993.3657
     -6002.3101
     -6006.4529
     -6006.1555
     -6002.0641
     -5995.1538
     -5986.7107
     -5978.2155
     -5971.0055
     -5965.6293

 Time[sec]=
   157735008.00000000     
         0.7343
        10.7150
        20.6716
        30.6007
        40.5103
        50.4076
        60.2933
        70.1673
        80.0303
        89.8840
        99.7304
       109.5720
       119.4117
       129.2525
       139.0975
       148.9495
       158.8111
       168.6842
       178.5701
       188.4692
       198.3811
       208.3045
       218.2375
       228.1776
       238.1226
       248.0710
       258.0230
       267.9815
       277.9525
       287.9394
     -5372.2631
     -5410.2647
     -5450.6967
     -5493.2038
     -5535.6905
     -5577.6391
     -5619.6068
     -5661.6808
     -5703.8303
     -5745.9193
     -5787.7173
     -5828.9046
     -5869.0960
     -5907.8385
     -5944.6166
     -5978.8810
     -6010.0677
     -6037.6243
     -6061.0437
     -6079.9035
     -6093.9075
     -6102.9284
     -6107.0678
     -6106.6927
     -6102.4599
     -6095.3607
     -6086.7023
     -6077.9906
     -6070.5854
     -6065.0452

 Time[sec]=
   160363872.00000000     
         0.6932
        10.6734
        20.6292
        30.5568
        40.4647
        50.3599
        60.2435
        70.1150
        79.9756
        89.8266
        99.6701
       109.5088
       119.3456
       129.1835
       139.0257
       148.8752
       158.7344
       168.6053
       178.4892
       188.3866
       198.2970
       208.2191
       218.1509
       228.0900
       238.0342
       247.9817
       257.9328
       267.8906
       277.8612
       287.8478
     -5462.5511
     -5501.0755
     -5542.0760
     -5585.1945
     -5628.2940
     -5670.8445
     -5713.4151
     -5756.0947
     -5798.8519
     -5841.5483
     -5883.9498
     -5925.7314
     -5966.5016
     -6005.8001
     -6043.1029
     -6077.8519
     -6109.4737
     -6137.4070
     -6161.1362
     -6180.2321
     -6194.3932
     -6203.4901
     -6207.6257
     -6207.1726
     -6202.7982
     -6195.5098
     -6186.6359
     -6177.7073
     -6170.1066
     -6164.4021
