-0.0372758 0.00346534
-0.0272805 0.00318853
-0.0172874 0.00291787
-0.00729549 0.00265705
0.0026968 0.00240723
0.0126906 0.00216694
0.0226845 0.00193472
0.0326774 0.00171226
0.0426699 0.00150172
0.0526628 0.00130386
0.0626563 0.00111872
0.0726507 0.000946098
0.0826461 0.000785682
0.0926429 0.000637099
0.102641 0.000499815
0.112641 0.000373177
0.122643 0.000256505
0.132647 0.000149129
0.142653 5.04355e-05
0.152662 -4.02526e-05
0.162672 -0.000123502
0.172684 -0.000199862
0.182698 -0.000269864
0.192714 -0.000333923
0.202732 -0.000392505
0.212751 -0.000446021
0.222772 -0.000494825
0.232795 -0.000539241
0.242818 -0.000579532
0.252843 -0.00061591
0.262869 -0.000648656
0.272897 -0.000677972
0.282925 -0.000704031
0.292954 -0.00072702
0.302985 -0.000747094
0.313016 -0.000764389
0.323049 -0.000779068
0.333082 -0.000791264
0.343117 -0.000801086
0.353152 -0.00080868
0.363188 -0.000814176
0.373225 -0.000817678
0.383263 -0.000819278
0.393302 -0.000819101
0.403342 -0.000817274
0.413383 -0.000813878
0.423424 -0.000808996
0.433466 -0.000802772
0.44351 -0.000795308
0.453553 -0.000786686
0.463598 -0.000777013
0.473644 -0.000766355
0.48369 -0.000754809
0.493737 -0.000742482
0.503784 -0.000729428
0.513832 -0.00071573
0.523881 -0.000701472
0.533931 -0.00068673
0.543981 -0.000671554
0.554031 -0.000655991
0.564083 -0.000640139
0.574134 -0.000624046
0.584186 -0.000607737
0.594239 -0.000591283
0.604292 -0.000574754
0.614346 -0.000558172
0.6244 -0.000541574
0.634454 -0.000525022
0.644509 -0.000508541
0.654565 -0.000492157
0.66462 -0.000475914
0.674676 -0.000459862
0.684732 -0.000444024
0.694789 -0.000428406
0.704845 -0.000413037
0.714902 -0.00039795
0.724959 -0.00038316
0.735017 -0.000368675
0.745075 -0.000354516
0.755132 -0.000340707
0.76519 -0.000327263
0.775248 -0.000314188
0.785307 -0.000301496
0.795365 -0.000289198
0.805424 -0.000277297
0.815482 -0.000265793
0.825541 -0.000254693
0.8356 -0.000244005
0.845659 -0.000233735
0.855718 -0.000223871
0.865777 -0.000214427
0.875836 -0.000205411
0.885895 -0.0001968
0.895954 -0.000188598
0.906013 -0.00018081
0.916072 -0.000173417
0.926131 -0.000166412
0.93619 -0.000159801
0.946249 -0.000153577
0.956308 -0.000147735
0.966367 -0.000142274
0.976426 -0.000137183
0.986485 -0.000132447
0.996544 -0.000128056
1.0066 -0.000124012
1.01666 -0.000120312
1.02672 -0.000116938
1.03678 -0.000113876
1.04684 -0.000111118
1.0569 -0.000108654
1.06696 -0.000106477
1.07701 -0.000104568
1.08707 -0.000102926
1.09713 -0.00010155
1.10719 -0.000100421
1.11725 -9.95239e-05
1.12731 -9.88491e-05
1.13736 -9.83887e-05
1.14742 -9.81346e-05
1.15748 -9.80784e-05
1.16754 -9.82063e-05
1.1776 -9.85089e-05
1.18765 -9.89779e-05
1.19771 -9.96007e-05
1.20777 -0.000100368
1.21783 -0.000101272
1.22788 -0.000102307
1.23794 -0.000103462
1.248 -0.000104729
1.25805 -0.000106094
1.26811 -0.000107546
1.27817 -0.000109077
1.28823 -0.000110686
1.29828 -0.000112365
1.30834 -0.000114101
1.3184 -0.000115881
1.32845 -0.000117705
1.33851 -0.000119572
1.34857 -0.000121477
1.35862 -0.000123409
1.36868 -0.00012536
1.37874 -0.000127328
1.38879 -0.000129301
1.39885 -0.000131278
1.40891 -0.000133251
1.41896 -0.00013521
1.42902 -0.000137159
1.43907 -0.000139097
1.44913 -0.000141021
1.45919 -0.000142922
1.46924 -0.000144795
1.4793 -0.000146638
1.48935 -0.00014845
1.49941 -0.000150228
1.50947 -0.000151969
1.51952 -0.000153672
1.52958 -0.000155331
1.53963 -0.000156939
1.54969 -0.000158504
1.55975 -0.000160029
1.5698 -0.000161507
1.57986 -0.000162938
1.58991 -0.000164318
1.59997 -0.000165644
1.61003 -0.000166915
1.62008 -0.000168138
1.63014 -0.000169316
1.64019 -0.00017044
1.65025 -0.000171509
1.6603 -0.000172525
1.67036 -0.000173491
1.68042 -0.000174405
1.69047 -0.000175262
1.70053 -0.000176065
1.71058 -0.000176824
1.72064 -0.000177539
1.73069 -0.000178204
1.74075 -0.00017882
1.75081 -0.000179385
1.76086 -0.000179905
1.77092 -0.000180381
1.78097 -0.000180812
1.79103 -0.000181199
1.80108 -0.000181538
1.81114 -0.000181832
1.8212 -0.000182085
1.83125 -0.000182299
1.84131 -0.000182473
1.85136 -0.00018261
1.86142 -0.000182715
1.87147 -0.000182785
1.88153 -0.000182821
1.89159 -0.000182821
1.90164 -0.000182787
1.9117 -0.000182722
1.92175 -0.000182629
1.93181 -0.000182513
1.94187 -0.000182371
1.95192 -0.0001822
1.96198 -0.000182006
1.97203 -0.000181792
1.98209 -0.000181553
1.99214 -0.000181294
2.0022 -0.00018102
2.01226 -0.000180728
2.02231 -0.000180417
2.03237 -0.000180092
2.04242 -0.00017975
2.05248 -0.000179394
2.06254 -0.000179025
2.07259 -0.000178647
2.08265 -0.000178258
2.0927 -0.000177857
2.10276 -0.000177447
2.11282 -0.000177029
2.12287 -0.000176605
2.13293 -0.000176178
2.14298 -0.00017575
2.15304 -0.000175315
2.1631 -0.00017488
2.17315 -0.000174446
2.18321 -0.00017401
2.19326 -0.000173575
2.20332 -0.000173142
2.21338 -0.000172711
2.22343 -0.000172281
2.23349 -0.000171853
2.24354 -0.000171432
2.2536 -0.000171022
2.26366 -0.000170618
2.27371 -0.000170222
2.28377 -0.000169838
2.29382 -0.000169462
2.30388 -0.000169094
2.31394 -0.00016873
2.32399 -0.000168375
2.33405 -0.000168032
2.34411 -0.000167701
2.35416 -0.00016738
2.36422 -0.000167071
2.37427 -0.000166773
2.38433 -0.000166484
2.39439 -0.000166204
2.40444 -0.000165936
2.4145 -0.00016568
2.42455 -0.000165437
2.43461 -0.00016521
2.44467 -0.000164996
2.45472 -0.000164792
2.46478 -0.000164597
2.47483 -0.000164414
2.48489 -0.000164241
2.49495 -0.000164081
2.505 -0.000163932
2.51506 -0.000163794
2.52512 -0.000163667
2.53517 -0.000163551
2.54523 -0.000163446
2.55528 -0.000163352
2.56534 -0.000163268
2.5754 -0.000163193
2.58545 -0.000163129
2.59551 -0.000163075
2.60556 -0.000163032
2.61562 -0.000162999
2.62568 -0.000162974
2.63573 -0.00016296
2.64579 -0.000162955
2.65584 -0.000162956
2.6659 -0.000162961
2.67596 -0.000162972
2.68601 -0.000162991
2.69607 -0.000163016
2.70612 -0.000163047
2.71618 -0.000163085
2.72624 -0.000163128
2.73629 -0.000163175
2.74635 -0.000163226
2.7564 -0.000163281
2.76646 -0.000163341
2.77652 -0.000163403
2.78657 -0.000163465
2.79663 -0.00016353
2.80668 -0.000163596
2.81674 -0.000163661
2.8268 -0.000163729
2.83685 -0.000163798
2.84691 -0.000163867
2.85697 -0.000163938
2.86702 -0.000164012
2.87708 -0.000164087
2.88713 -0.000164166
2.89719 -0.000164248
2.90725 -0.000164333
2.9173 -0.000164418
2.92736 -0.000164503
2.93741 -0.00016459
2.94747 -0.00016468
2.95753 -0.000164771
2.96758 -0.000164862
2.97764 -0.000164954
2.98769 -0.000165046
2.99775 -0.00016514
3.00781 -0.000165233
3.01786 -0.000165325
3.02792 -0.000165419
3.03797 -0.000165513
3.04803 -0.000165608
3.05808 -0.000165704
3.06814 -0.000165798
3.0782 -0.000165891
3.08825 -0.000165984
3.09831 -0.000166076
3.10836 -0.000166168
3.11842 -0.00016626
3.12848 -0.00016635
3.13853 -0.000166439
3.14859 -0.000166525
3.15864 -0.000166611
3.1687 -0.000166697
3.17876 -0.00016678
3.18881 -0.000166861
3.19887 -0.000166941
3.20892 -0.000167019
3.21898 -0.000167095
3.22904 -0.000167169
3.23909 -0.000167241
3.24915 -0.000167314
3.2592 -0.000167384
3.26926 -0.000167452
3.27932 -0.000167518
3.28937 -0.000167581
3.29943 -0.000167639
3.30948 -0.000167695
3.31954 -0.000167747
3.3296 -0.000167797
3.33965 -0.000167845
3.34971 -0.000167889
3.35976 -0.000167931
3.36982 -0.000167969
3.37988 -0.000168005
3.38993 -0.000168039
3.39999 -0.000168068
3.41004 -0.000168092
3.4201 -0.000168111
3.43016 -0.000168127
3.44021 -0.00016814
3.45027 -0.000168149
3.46032 -0.000168155
3.47038 -0.000168157
3.48044 -0.000168157
3.49049 -0.000168152
3.50055 -0.000168144
3.5106 -0.000168132
3.52066 -0.000168117
3.53071 -0.0001681
3.54077 -0.000168082
3.55083 -0.000168059
3.56088 -0.000168036
3.57094 -0.000168012
3.58099 -0.000167984
3.59105 -0.000167956
3.60111 -0.000167926
3.61116 -0.000167896
3.62122 -0.000167866
3.63127 -0.000167835
3.64133 -0.000167804
3.65139 -0.000167775
3.66144 -0.000167744
3.6715 -0.000167711
3.68155 -0.000167677
3.69161 -0.000167643
3.70167 -0.000167609
3.71172 -0.000167576
3.72178 -0.000167544
3.73183 -0.000167513
3.74189 -0.00016748
3.75195 -0.000167449
3.762 -0.00016742
3.77206 -0.000167391
3.78211 -0.000167365
3.79217 -0.00016734
3.80223 -0.000167314
3.81228 -0.000167289
3.82234 -0.000167265
3.83239 -0.000167241
3.84245 -0.000167218
3.85251 -0.000167197
3.86256 -0.000167178
3.87262 -0.000167158
3.88267 -0.000167138
3.89273 -0.000167118
3.90278 -0.0001671
3.91284 -0.000167082
3.9229 -0.000167065
3.93295 -0.00016705
3.94301 -0.000167035
3.95306 -0.000167019
3.96312 -0.000167003
3.97318 -0.000166988
3.98323 -0.000166975
3.99329 -0.000166963
4.00334 -0.000166953
4.0134 -0.000166942
4.02346 -0.000166932
4.03351 -0.000166921
4.04357 -0.000166909
4.05362 -0.000166897
4.06368 -0.000166885
4.07374 -0.000166871
4.08379 -0.000166857
4.09385 -0.000166842
4.1039 -0.000166828
4.11396 -0.000166813
4.12402 -0.000166798
4.13407 -0.000166783
4.14413 -0.000166767
4.15418 -0.00016675
4.16424 -0.000166732
4.1743 -0.000166714
4.18435 -0.000166697
4.19441 -0.000166678
4.20446 -0.000166659
4.21452 -0.000166639
4.22458 -0.000166619
4.23463 -0.000166599
4.24469 -0.000166578
4.25474 -0.000166557
4.2648 -0.000166536
4.27485 -0.000166516
4.28491 -0.000166499
4.29497 -0.000166483
4.30502 -0.000166469
4.31508 -0.000166455
4.32513 -0.000166441
4.33519 -0.000166429
4.34525 -0.00016642
4.3553 -0.000166409
4.36536 -0.000166398
4.37541 -0.000166389
4.38547 -0.000166383
4.39553 -0.000166378
4.40558 -0.000166374
4.41564 -0.00016637
4.42569 -0.000166369
4.43575 -0.000166369
4.44581 -0.000166369
4.45586 -0.000166373
4.46592 -0.00016638
4.47597 -0.000166387
4.48603 -0.000166396
4.49609 -0.000166405
4.50614 -0.000166414
4.5162 -0.000166426
4.52625 -0.000166439
4.53631 -0.000166451
4.54636 -0.000166463
4.55642 -0.000166478
4.56648 -0.000166493
4.57653 -0.000166508
4.58659 -0.000166525
4.59664 -0.000166542
4.6067 -0.000166558
4.61676 -0.000166575
4.62681 -0.000166592
4.63687 -0.000166607
4.64692 -0.000166622
4.65698 -0.00016664
4.66704 -0.000166658
4.67709 -0.000166675
4.68715 -0.00016669
4.6972 -0.000166705
4.70726 -0.000166719
4.71732 -0.000166732
4.72737 -0.000166746
4.73743 -0.000166759
4.74748 -0.000166769
4.75754 -0.00016678
4.76759 -0.000166793
4.77765 -0.000166804
4.78771 -0.000166813
4.79776 -0.000166822
4.80782 -0.000166829
4.81787 -0.000166833
4.82793 -0.000166834
4.83799 -0.000166834
4.84804 -0.000166833
4.8581 -0.000166832
4.86815 -0.00016683
4.87821 -0.000166828
4.88827 -0.000166825
4.89832 -0.000166822
4.90838 -0.000166819
4.91843 -0.000166816
4.92849 -0.000166811
4.93855 -0.000166807
4.9486 -0.000166803
4.95866 -0.000166796
4.96871 -0.00016679
4.97877 -0.000166785
4.98882 -0.000166781
4.99888 -0.000166778
5.00894 -0.000166774
5.01899 -0.00016677
5.02905 -0.000166766
5.0391 -0.000166764
5.04916 -0.000166763
5.05922 -0.000166762
5.06927 -0.000166763
5.07933 -0.000166765
5.08938 -0.000166766
5.09944 -0.000166766
5.1095 -0.000166767
5.11955 -0.000166768
5.12961 -0.000166768
5.13966 -0.000166768
5.14972 -0.00016677
5.15977 -0.000166771
5.16983 -0.000166775
5.17989 -0.000166779
5.18994 -0.000166785
5.2 -0.000166792
5.21005 -0.000166799
5.22011 -0.000166807
5.23017 -0.000166815
5.24022 -0.000166824
5.25028 -0.000166835
5.26033 -0.000166845
5.27039 -0.000166853
5.28045 -0.000166861
5.2905 -0.000166872
5.30056 -0.000166882
5.31061 -0.00016689
5.32067 -0.000166897
5.33073 -0.000166904
5.34078 -0.000166911
5.35084 -0.000166919
5.36089 -0.000166927
5.37095 -0.000166933
5.381 -0.000166939
5.39106 -0.000166942
5.40112 -0.000166944
5.41117 -0.000166945
5.42123 -0.000166948
5.43128 -0.00016695
5.44134 -0.00016695
5.4514 -0.000166948
5.46145 -0.000166947
5.47151 -0.000166944
5.48156 -0.00016694
5.49162 -0.000166936
5.50168 -0.00016693
5.51173 -0.000166925
5.52179 -0.000166919
5.53184 -0.000166913
5.5419 -0.000166906
5.55195 -0.000166899
5.56201 -0.00016689
5.57207 -0.000166878
5.58212 -0.000166867
5.59218 -0.000166856
5.60223 -0.000166844
5.61229 -0.000166832
5.62235 -0.000166819
5.6324 -0.000166807
5.64246 -0.000166794
5.65251 -0.000166781
5.66257 -0.000166767
5.67263 -0.000166755
5.68268 -0.000166742
5.69274 -0.00016673
5.70279 -0.000166718
5.71285 -0.000166709
5.7229 -0.0001667
5.73296 -0.000166692
5.74302 -0.000166685
5.75307 -0.000166677
5.76313 -0.000166668
5.77318 -0.00016666
5.78324 -0.000166654
5.7933 -0.000166649
5.80335 -0.000166646
5.81341 -0.000166644
5.82346 -0.000166642
5.83352 -0.000166641
5.84358 -0.000166642
5.85363 -0.000166644
5.86369 -0.000166645
5.87374 -0.000166649
5.8838 -0.000166655
5.89385 -0.000166661
5.90391 -0.000166667
5.91397 -0.000166672
5.92402 -0.000166678
5.93408 -0.000166684
5.94413 -0.000166692
5.95419 -0.0001667
5.96425 -0.000166708
5.9743 -0.000166715
5.98436 -0.000166724
5.99441 -0.000166734
6.00447 -0.000166741
6.01453 -0.000166747
6.02458 -0.000166754
6.03464 -0.000166761
6.04469 -0.000166769
6.05475 -0.000166776
6.0648 -0.000166781
6.07486 -0.000166787
6.08492 -0.000166792
6.09497 -0.000166796
6.10503 -0.000166799
6.11508 -0.000166802
6.12514 -0.000166804
6.1352 -0.000166805
6.14525 -0.000166805
6.15531 -0.000166804
6.16536 -0.000166803
6.17542 -0.000166802
6.18548 -0.000166801
6.19553 -0.000166797
6.20559 -0.000166794
6.21564 -0.000166791
6.2257 -0.000166786
6.23575 -0.000166778
6.24581 -0.000166772
6.25587 -0.000166767
6.26592 -0.000166761
6.27598 -0.000166754
6.28603 -0.000166746
6.29609 -0.00016674
6.30615 -0.000166732
6.3162 -0.000166725
6.32626 -0.000166718
6.33631 -0.00016671
6.34637 -0.000166701
6.35642 -0.000166692
6.36648 -0.000166685
6.37654 -0.000166677
6.38659 -0.000166669
6.39665 -0.00016666
6.4067 -0.00016665
6.41676 -0.000166639
6.42682 -0.000166631
6.43687 -0.000166622
6.44693 -0.000166613
6.45698 -0.000166604
6.46704 -0.000166596
6.4771 -0.000166589
6.48715 -0.000166582
6.49721 -0.000166574
6.50726 -0.00016657
6.51732 -0.000166567
6.52737 -0.000166564
6.53743 -0.000166562
6.54749 -0.00016656
6.55754 -0.000166557
6.5676 -0.000166554
6.57765 -0.000166553
6.58771 -0.000166554
6.59777 -0.000166555
6.60782 -0.000166557
6.61788 -0.00016656
6.62793 -0.000166566
6.63799 -0.000166573
6.64805 -0.000166577
6.6581 -0.000166581
6.66816 -0.000166584
6.67821 -0.000166589
6.68827 -0.000166593
6.69832 -0.000166599
6.70838 -0.000166604
6.71844 -0.000166608
6.72849 -0.000166611
6.73855 -0.000166615
6.7486 -0.00016662
6.75866 -0.000166624
6.76872 -0.000166628
6.77877 -0.000166632
6.78883 -0.000166636
6.79888 -0.000166638
6.80894 -0.00016664
6.81899 -0.000166643
6.82905 -0.000166645
6.83911 -0.000166646
6.84916 -0.000166648
6.85922 -0.00016665
6.86927 -0.000166652
6.87933 -0.000166654
6.88939 -0.000166657
6.89944 -0.00016666
6.9095 -0.000166662
6.91955 -0.000166663
6.92961 -0.000166664
6.93966 -0.000166664
6.94972 -0.000166664
6.95978 -0.000166664
6.96983 -0.000166664
6.97989 -0.000166665
6.98994 -0.000166664
7 -0.000166663
