-0.0181847 0.00232103
-0.00818627 0.00216517
0.00181112 0.00201228
0.011808 0.00186399
0.0218048 0.00172088
0.0318021 0.00158267
0.0417995 0.00144889
0.0517966 0.00132004
0.0617936 0.00119682
0.0717906 0.00107954
0.0817878 0.000968309
0.0917854 0.000863076
0.101783 0.000763717
0.111782 0.000670135
0.121781 0.000582132
0.131781 0.000499433
0.141781 0.000421752
0.151782 0.000348813
0.161785 0.000280382
0.171788 0.000216139
0.181792 0.000155855
0.191796 9.92866e-05
0.201802 4.61883e-05
0.211808 -3.59542e-06
0.221815 -5.02965e-05
0.231823 -9.41146e-05
0.241831 -0.000135211
0.25184 -0.000173738
0.26185 -0.000209806
0.27186 -0.000243487
0.28187 -0.000274938
0.291881 -0.000304247
0.301893 -0.000331487
0.311905 -0.000356749
0.321917 -0.000380103
0.33193 -0.000401607
0.341943 -0.000421347
0.351957 -0.000439386
0.361971 -0.000455767
0.371985 -0.000470571
0.382 -0.000483868
0.392016 -0.0004957
0.402032 -0.000506104
0.412048 -0.000515147
0.422064 -0.000522906
0.432082 -0.000529409
0.442099 -0.000534689
0.452117 -0.000538844
0.462135 -0.00054193
0.472154 -0.000543984
0.482173 -0.000545076
0.492192 -0.000545228
0.502212 -0.000544504
0.512232 -0.000542974
0.522253 -0.000540661
0.532274 -0.000537616
0.542295 -0.000533894
0.552316 -0.000529547
0.562338 -0.000524597
0.572361 -0.000519068
0.582383 -0.00051304
0.592406 -0.00050654
0.602429 -0.000499575
0.612453 -0.000492202
0.622477 -0.000484474
0.632501 -0.000476403
0.642525 -0.000468013
0.65255 -0.000459357
0.662575 -0.000450451
0.6726 -0.000441314
0.682625 -0.000431984
0.692651 -0.000422508
0.702676 -0.000412902
0.712702 -0.000403174
0.722729 -0.000393347
0.732755 -0.000383456
0.742782 -0.000373516
0.752808 -0.000363536
0.762835 -0.000353539
0.772862 -0.000343553
0.78289 -0.000333596
0.792917 -0.000323675
0.802944 -0.00031381
0.812972 -0.000304017
0.823 -0.000294305
0.833028 -0.000284682
0.843056 -0.000275161
0.853084 -0.000265757
0.863112 -0.000256484
0.873141 -0.000247338
0.883169 -0.000238343
0.893198 -0.000229515
0.903226 -0.000220839
0.913255 -0.000212329
0.923284 -0.000204
0.933312 -0.000195842
0.943341 -0.000187858
0.95337 -0.000180065
0.963399 -0.000172463
0.973428 -0.00016506
0.983457 -0.000157864
0.993486 -0.000150874
1.00352 -0.000144085
1.01354 -0.000137496
1.02357 -0.00013112
1.0336 -0.000124966
1.04363 -0.000119021
1.05366 -0.000113285
1.06369 -0.000107756
1.07372 -0.000102436
1.08375 -9.73263e-05
1.09378 -9.24168e-05
1.10381 -8.77157e-05
1.11384 -8.32293e-05
1.12387 -7.89491e-05
1.1339 -7.48669e-05
1.14392 -7.09811e-05
1.15395 -6.72919e-05
1.16398 -6.37985e-05
1.17401 -6.04998e-05
1.18404 -5.73888e-05
1.19407 -5.44627e-05
1.2041 -5.17199e-05
1.21413 -4.9154e-05
1.22416 -4.67612e-05
1.23419 -4.45399e-05
1.24422 -4.24883e-05
1.25424 -4.06029e-05
1.26427 -3.88778e-05
1.2743 -3.73045e-05
1.28433 -3.58765e-05
1.29436 -3.45895e-05
1.30439 -3.34457e-05
1.31442 -3.24414e-05
1.32445 -3.15661e-05
1.33448 -3.08097e-05
1.3445 -3.01746e-05
1.35453 -2.96622e-05
1.36456 -2.92703e-05
1.37459 -2.89888e-05
1.38462 -2.88113e-05
1.39465 -2.87371e-05
1.40468 -2.87568e-05
1.4147 -2.88688e-05
1.42473 -2.90656e-05
1.43476 -2.93395e-05
1.44479 -2.96931e-05
1.45482 -3.0126e-05
1.46485 -3.06353e-05
1.47487 -3.12121e-05
1.4849 -3.18497e-05
1.49493 -3.25477e-05
1.50496 -3.33024e-05
1.51499 -3.41115e-05
1.52502 -3.49691e-05
1.53504 -3.58748e-05
1.54507 -3.68215e-05
1.5551 -3.7799e-05
1.56513 -3.88151e-05
1.57516 -3.98707e-05
1.58518 -4.09578e-05
1.59521 -4.20748e-05
1.60524 -4.32151e-05
1.61527 -4.43738e-05
1.62529 -4.55479e-05
1.63532 -4.67424e-05
1.64535 -4.79588e-05
1.65538 -4.91857e-05
1.66541 -5.04187e-05
1.67543 -5.16589e-05
1.68546 -5.29066e-05
1.69549 -5.41575e-05
1.70552 -5.54038e-05
1.71554 -5.66473e-05
1.72557 -5.78948e-05
1.7356 -5.91433e-05
1.74563 -6.0386e-05
1.75565 -6.16196e-05
1.76568 -6.28421e-05
1.77571 -6.40547e-05
1.78574 -6.52575e-05
1.79576 -6.64474e-05
1.80579 -6.76223e-05
1.81582 -6.87758e-05
1.82585 -6.99081e-05
1.83587 -7.10226e-05
1.8459 -7.21187e-05
1.85593 -7.31928e-05
1.86596 -7.42456e-05
1.87598 -7.52797e-05
1.88601 -7.62915e-05
1.89604 -7.72788e-05
1.90607 -7.82377e-05
1.91609 -7.91686e-05
1.92612 -8.00736e-05
1.93615 -8.09525e-05
1.94618 -8.18083e-05
1.9562 -8.26381e-05
1.96623 -8.3435e-05
1.97626 -8.42053e-05
1.98629 -8.49491e-05
1.99631 -8.56611e-05
2.00634 -8.63449e-05
2.01637 -8.70038e-05
2.0264 -8.76326e-05
2.03642 -8.82302e-05
2.04645 -8.88001e-05
2.05648 -8.93392e-05
2.0665 -8.98477e-05
2.07653 -9.0327e-05
2.08656 -9.078e-05
2.09659 -9.12031e-05
2.10661 -9.15949e-05
2.11664 -9.19578e-05
2.12667 -9.22931e-05
2.1367 -9.25996e-05
2.14672 -9.28827e-05
2.15675 -9.31423e-05
2.16678 -9.33721e-05
2.17681 -9.35784e-05
2.18683 -9.37618e-05
2.19686 -9.392e-05
2.20689 -9.40557e-05
2.21691 -9.41692e-05
2.22694 -9.42599e-05
2.23697 -9.4327e-05
2.247 -9.43718e-05
2.25702 -9.43999e-05
2.26705 -9.44137e-05
2.27708 -9.44094e-05
2.28711 -9.43892e-05
2.29713 -9.43552e-05
2.30716 -9.43062e-05
2.31719 -9.42411e-05
2.32722 -9.41575e-05
2.33724 -9.40584e-05
2.34727 -9.39486e-05
2.3573 -9.38279e-05
2.36733 -9.36951e-05
2.37735 -9.35518e-05
2.38738 -9.33983e-05
2.39741 -9.32325e-05
2.40744 -9.30545e-05
2.41746 -9.28685e-05
2.42749 -9.26751e-05
2.43752 -9.24755e-05
2.44755 -9.22723e-05
2.45757 -9.20643e-05
2.4676 -9.18487e-05
2.47763 -9.16247e-05
2.48765 -9.13951e-05
2.49768 -9.11606e-05
2.50771 -9.09231e-05
2.51774 -9.0681e-05
2.52776 -9.04353e-05
2.53779 -9.01874e-05
2.54782 -8.99365e-05
2.55785 -8.96839e-05
2.56787 -8.94309e-05
2.5779 -8.91759e-05
2.58793 -8.89185e-05
2.59796 -8.86619e-05
2.60798 -8.8406e-05
2.61801 -8.81513e-05
2.62804 -8.78979e-05
2.63807 -8.76451e-05
2.64809 -8.73953e-05
2.65812 -8.71469e-05
2.66815 -8.68977e-05
2.67818 -8.66468e-05
2.6882 -8.63965e-05
2.69823 -8.61496e-05
2.70826 -8.59048e-05
2.71829 -8.5662e-05
2.72831 -8.54229e-05
2.73834 -8.51856e-05
2.74837 -8.49496e-05
2.7584 -8.47164e-05
2.76842 -8.44851e-05
2.77845 -8.42571e-05
2.78848 -8.40311e-05
2.79851 -8.38059e-05
2.80854 -8.35828e-05
2.81856 -8.33616e-05
2.82859 -8.31415e-05
2.83862 -8.29245e-05
2.84865 -8.27109e-05
2.85867 -8.24988e-05
2.8687 -8.22916e-05
2.87873 -8.209e-05
2.88876 -8.18931e-05
2.89878 -8.17034e-05
2.90881 -8.15214e-05
2.91884 -8.13458e-05
2.92887 -8.11749e-05
2.93889 -8.10088e-05
2.94892 -8.08495e-05
2.95895 -8.06981e-05
2.96898 -8.05523e-05
2.979 -8.04128e-05
2.98903 -8.02803e-05
2.99906 -8.0154e-05
3.00909 -8.00348e-05
3.01911 -7.99215e-05
3.02914 -7.9813e-05
3.03917 -7.9712e-05
3.0492 -7.96185e-05
3.05922 -7.95332e-05
3.06925 -7.94551e-05
3.07928 -7.93815e-05
3.08931 -7.93139e-05
3.09933 -7.92535e-05
3.10936 -7.91986e-05
3.11939 -7.91504e-05
3.12942 -7.91098e-05
3.13944 -7.90747e-05
3.14947 -7.90446e-05
3.1595 -7.90186e-05
3.16953 -7.89994e-05
3.17955 -7.89871e-05
3.18958 -7.8979e-05
3.19961 -7.89753e-05
3.20964 -7.89771e-05
3.21966 -7.89838e-05
3.22969 -7.89945e-05
3.23972 -7.90096e-05
3.24975 -7.90301e-05
3.25977 -7.90562e-05
3.2698 -7.90873e-05
3.27983 -7.91216e-05
3.28986 -7.91593e-05
3.29988 -7.91991e-05
3.30991 -7.92406e-05
3.31994 -7.92848e-05
3.32997 -7.93312e-05
3.33999 -7.93808e-05
3.35002 -7.94332e-05
3.36005 -7.94864e-05
3.37008 -7.95416e-05
3.3801 -7.95989e-05
3.39013 -7.96578e-05
3.40016 -7.97183e-05
3.41019 -7.97784e-05
3.42021 -7.98375e-05
3.43024 -7.98955e-05
3.44027 -7.9954e-05
3.4503 -8.00131e-05
3.46032 -8.00715e-05
3.47035 -8.01299e-05
3.48038 -8.01879e-05
3.49041 -8.02455e-05
3.50043 -8.0302e-05
3.51046 -8.03568e-05
3.52049 -8.04105e-05
3.53052 -8.04632e-05
3.54054 -8.05173e-05
3.55057 -8.0571e-05
3.5606 -8.06227e-05
3.57063 -8.06757e-05
3.58065 -8.07289e-05
3.59068 -8.07806e-05
3.60071 -8.08324e-05
3.61074 -8.08843e-05
3.62076 -8.09366e-05
3.63079 -8.09904e-05
3.64082 -8.10437e-05
3.65085 -8.10977e-05
3.66087 -8.11535e-05
3.6709 -8.12089e-05
3.68093 -8.12624e-05
3.69096 -8.13156e-05
3.70098 -8.13692e-05
3.71101 -8.14217e-05
3.72104 -8.14753e-05
3.73107 -8.15305e-05
3.74109 -8.15855e-05
3.75112 -8.16388e-05
3.76115 -8.16933e-05
3.77117 -8.17491e-05
3.7812 -8.18054e-05
3.79123 -8.18637e-05
3.80126 -8.19218e-05
3.81128 -8.19792e-05
3.82131 -8.20358e-05
3.83134 -8.20916e-05
3.84137 -8.21471e-05
3.85139 -8.2203e-05
3.86142 -8.22586e-05
3.87145 -8.2314e-05
3.88148 -8.23683e-05
3.8915 -8.24203e-05
3.90153 -8.24719e-05
3.91156 -8.25238e-05
3.92159 -8.25743e-05
3.93161 -8.26236e-05
3.94164 -8.2673e-05
3.95167 -8.2721e-05
3.9617 -8.27665e-05
3.97172 -8.281e-05
3.98175 -8.28528e-05
3.99178 -8.28952e-05
4.00181 -8.29369e-05
4.01183 -8.29781e-05
4.02186 -8.30169e-05
4.03189 -8.30541e-05
4.04192 -8.30896e-05
4.05194 -8.3121e-05
4.06197 -8.31503e-05
4.072 -8.3178e-05
4.08203 -8.32021e-05
4.09205 -8.32237e-05
4.10208 -8.32428e-05
4.11211 -8.32589e-05
4.12214 -8.32733e-05
4.13216 -8.3286e-05
4.14219 -8.32961e-05
4.15222 -8.3303e-05
4.16224 -8.33076e-05
4.17227 -8.33094e-05
4.1823 -8.33093e-05
4.19233 -8.33076e-05
4.20235 -8.33024e-05
4.21238 -8.32947e-05
4.22241 -8.32845e-05
4.23244 -8.32721e-05
4.24246 -8.32584e-05
4.25249 -8.32424e-05
4.26252 -8.32251e-05
4.27255 -8.32065e-05
4.28257 -8.31867e-05
4.2926 -8.31682e-05
4.30263 -8.31504e-05
4.31266 -8.31322e-05
4.32268 -8.31129e-05
4.33271 -8.30918e-05
4.34274 -8.30728e-05
4.35277 -8.30544e-05
4.36279 -8.30334e-05
4.37282 -8.30119e-05
4.38285 -8.29909e-05
4.39288 -8.29715e-05
4.4029 -8.29534e-05
4.41293 -8.29346e-05
4.42296 -8.29159e-05
4.43299 -8.28989e-05
4.44301 -8.28815e-05
4.45304 -8.28648e-05
4.46307 -8.28517e-05
4.47309 -8.284e-05
4.48312 -8.28285e-05
4.49315 -8.28179e-05
4.50318 -8.28073e-05
4.5132 -8.27969e-05
4.52323 -8.27882e-05
4.53326 -8.27794e-05
4.54329 -8.27701e-05
4.55331 -8.27611e-05
4.56334 -8.27535e-05
4.57337 -8.27468e-05
4.5834 -8.27398e-05
4.59342 -8.27339e-05
4.60345 -8.27276e-05
4.61348 -8.27212e-05
4.62351 -8.27158e-05
4.63353 -8.27096e-05
4.64356 -8.27016e-05
4.65359 -8.26938e-05
4.66362 -8.26882e-05
4.67364 -8.2683e-05
4.68367 -8.26767e-05
4.6937 -8.26693e-05
4.70373 -8.2661e-05
4.71375 -8.26519e-05
4.72378 -8.26427e-05
4.73381 -8.26341e-05
4.74384 -8.26246e-05
4.75386 -8.26126e-05
4.76389 -8.26008e-05
4.77392 -8.25905e-05
4.78395 -8.25797e-05
4.79397 -8.25671e-05
4.804 -8.25537e-05
4.81403 -8.25389e-05
4.82405 -8.25213e-05
4.83408 -8.25023e-05
4.84411 -8.24816e-05
4.85414 -8.24598e-05
4.86416 -8.24381e-05
4.87419 -8.24166e-05
4.88422 -8.23943e-05
4.89425 -8.23722e-05
4.90427 -8.23504e-05
4.9143 -8.2329e-05
4.92433 -8.23074e-05
4.93436 -8.22853e-05
4.94438 -8.22639e-05
4.95441 -8.2242e-05
4.96444 -8.22192e-05
4.97447 -8.21971e-05
4.98449 -8.21764e-05
4.99452 -8.21571e-05
5.00455 -8.21391e-05
5.01458 -8.21211e-05
5.0246 -8.21037e-05
5.03463 -8.20878e-05
5.04466 -8.20736e-05
5.05469 -8.2061e-05
5.06471 -8.20497e-05
5.07474 -8.20404e-05
5.08477 -8.2032e-05
5.0948 -8.20233e-05
5.10482 -8.20149e-05
5.11485 -8.2008e-05
5.12488 -8.20018e-05
5.1349 -8.19949e-05
5.14493 -8.1989e-05
5.15496 -8.19842e-05
5.16499 -8.19806e-05
5.17501 -8.19791e-05
5.18504 -8.19798e-05
5.19507 -8.19825e-05
5.2051 -8.19866e-05
5.21512 -8.19916e-05
5.22515 -8.19973e-05
5.23518 -8.20033e-05
5.24521 -8.20109e-05
5.25523 -8.20204e-05
5.26526 -8.20301e-05
5.27529 -8.20386e-05
5.28532 -8.20477e-05
5.29534 -8.20597e-05
5.30537 -8.20717e-05
5.3154 -8.20819e-05
5.32543 -8.20919e-05
5.33545 -8.21016e-05
5.34548 -8.21123e-05
5.35551 -8.21239e-05
5.36554 -8.21347e-05
5.37556 -8.21449e-05
5.38559 -8.21539e-05
5.39562 -8.21615e-05
5.40564 -8.21674e-05
5.41567 -8.2173e-05
5.4257 -8.21805e-05
5.43573 -8.2188e-05
5.44575 -8.21933e-05
5.45578 -8.21971e-05
5.46581 -8.22008e-05
5.47584 -8.22036e-05
5.48586 -8.2205e-05
5.49589 -8.22062e-05
5.50592 -8.22067e-05
5.51595 -8.22075e-05
5.52597 -8.22077e-05
5.536 -8.2207e-05
5.54603 -8.22062e-05
5.55606 -8.22048e-05
5.56608 -8.22016e-05
5.57611 -8.21966e-05
5.58614 -8.21917e-05
5.59617 -8.21865e-05
5.60619 -8.21805e-05
5.61622 -8.21746e-05
5.62625 -8.21688e-05
5.63627 -8.21624e-05
5.6463 -8.2156e-05
5.65633 -8.21493e-05
5.66636 -8.21428e-05
5.67638 -8.21375e-05
5.68641 -8.21318e-05
5.69644 -8.2126e-05
5.70647 -8.21219e-05
5.71649 -8.21191e-05
5.72652 -8.21174e-05
5.73655 -8.21166e-05
5.74658 -8.21166e-05
5.7566 -8.21159e-05
5.76663 -8.2114e-05
5.77666 -8.21134e-05
5.78669 -8.21142e-05
5.79671 -8.21163e-05
5.80674 -8.21208e-05
5.81677 -8.21265e-05
5.8268 -8.21325e-05
5.83682 -8.21391e-05
5.84685 -8.2147e-05
5.85688 -8.21559e-05
5.86691 -8.2165e-05
5.87693 -8.21759e-05
5.88696 -8.21886e-05
5.89699 -8.22017e-05
5.90701 -8.2215e-05
5.91704 -8.22285e-05
5.92707 -8.2241e-05
5.9371 -8.2254e-05
5.94712 -8.22688e-05
5.95715 -8.22836e-05
5.96718 -8.22973e-05
5.97721 -8.23111e-05
5.98723 -8.23265e-05
5.99726 -8.23414e-05
6.00729 -8.23543e-05
6.01732 -8.23664e-05
6.02734 -8.23785e-05
6.03737 -8.23912e-05
6.0474 -8.24038e-05
6.05743 -8.24151e-05
6.06745 -8.24251e-05
6.07748 -8.24345e-05
6.08751 -8.24427e-05
6.09754 -8.24502e-05
6.10756 -8.24568e-05
6.11759 -8.24624e-05
6.12762 -8.24671e-05
6.13764 -8.24703e-05
6.14767 -8.24721e-05
6.1577 -8.24731e-05
6.16773 -8.24739e-05
6.17775 -8.24742e-05
6.18778 -8.24732e-05
6.19781 -8.24704e-05
6.20784 -8.24675e-05
6.21786 -8.24648e-05
6.22789 -8.24597e-05
6.23792 -8.24523e-05
6.24795 -8.24454e-05
6.25797 -8.24389e-05
6.268 -8.24314e-05
6.27803 -8.24225e-05
6.28806 -8.24139e-05
6.29808 -8.24058e-05
6.30811 -8.23963e-05
6.31814 -8.23871e-05
6.32817 -8.23785e-05
6.33819 -8.23678e-05
6.34822 -8.2356e-05
6.35825 -8.23454e-05
6.36827 -8.2336e-05
6.3783 -8.23257e-05
6.38833 -8.23145e-05
6.39836 -8.23023e-05
6.40838 -8.22884e-05
6.41841 -8.2275e-05
6.42844 -8.22636e-05
6.43847 -8.22523e-05
6.44849 -8.22405e-05
6.45852 -8.22293e-05
6.46855 -8.22191e-05
6.47858 -8.22094e-05
6.4886 -8.21995e-05
6.49863 -8.21903e-05
6.50866 -8.21838e-05
6.51869 -8.21792e-05
6.52871 -8.21742e-05
6.53874 -8.21697e-05
6.54877 -8.21662e-05
6.55879 -8.2162e-05
6.56882 -8.21582e-05
6.57885 -8.21565e-05
6.58888 -8.21564e-05
6.5989 -8.21574e-05
6.60893 -8.21591e-05
6.61896 -8.21618e-05
6.62899 -8.21674e-05
6.63901 -8.21737e-05
6.64904 -8.21781e-05
6.65907 -8.21815e-05
6.6691 -8.21858e-05
6.67912 -8.21911e-05
6.68915 -8.21964e-05
6.69918 -8.22029e-05
6.70921 -8.22097e-05
6.71923 -8.22152e-05
6.72926 -8.22199e-05
6.73929 -8.22253e-05
6.74932 -8.22311e-05
6.75934 -8.22368e-05
6.76937 -8.22418e-05
6.7794 -8.2247e-05
6.78942 -8.22525e-05
6.79945 -8.22565e-05
6.80948 -8.22605e-05
6.81951 -8.22645e-05
6.82953 -8.22685e-05
6.83956 -8.22725e-05
6.84959 -8.22761e-05
6.85962 -8.22797e-05
6.86964 -8.22827e-05
6.87967 -8.22864e-05
6.8897 -8.22911e-05
6.89973 -8.22959e-05
6.90975 -8.22997e-05
6.91978 -8.2303e-05
6.92981 -8.23055e-05
6.93984 -8.23064e-05
6.94986 -8.23074e-05
6.95989 -8.2308e-05
6.96992 -8.23088e-05
6.97995 -8.23098e-05
6.98997 -8.23094e-05
7 -8.23089e-05
