-0.0108905 0.00174977
-0.000891197 0.00164583
0.00910749 0.00154371
0.0191059 0.00144432
0.0291042 0.00134802
0.0391027 0.00125479
0.0491012 0.0011645
0.0590997 0.00107732
0.0690981 0.00099352
0.0790966 0.000913199
0.0890951 0.000836445
0.0990939 0.00076323
0.109093 0.000693483
0.119092 0.000627181
0.129092 0.000564227
0.139091 0.000504461
0.149092 0.000447724
0.159092 0.000393873
0.169094 0.000342801
0.179095 0.000294312
0.189097 0.000248291
0.1991 0.000204607
0.209103 0.000163113
0.219106 0.000123747
0.22911 8.63618e-05
0.239114 5.08353e-05
0.249118 1.70761e-05
0.259123 -1.50041e-05
0.269128 -4.5458e-05
0.279133 -7.43059e-05
0.289139 -0.000101657
0.299145 -0.000127557
0.309151 -0.000152039
0.319157 -0.000175159
0.329164 -0.000196951
0.339171 -0.000217444
0.349178 -0.000236692
0.359185 -0.000254731
0.369192 -0.000271577
0.3792 -0.000287284
0.389208 -0.000301896
0.399216 -0.000315431
0.409224 -0.000327901
0.419233 -0.00033935
0.429242 -0.00034983
0.439251 -0.000359344
0.44926 -0.000367907
0.45927 -0.000375592
0.46928 -0.000382433
0.47929 -0.000388449
0.4893 -0.000393686
0.49931 -0.000398149
0.509321 -0.000401881
0.519332 -0.000404934
0.529343 -0.000407314
0.539354 -0.000409056
0.549366 -0.000410197
0.559377 -0.000410773
0.569389 -0.000410792
0.579402 -0.000410265
0.589414 -0.000409257
0.599427 -0.000407782
0.609439 -0.000405836
0.619452 -0.000403463
0.629465 -0.000400707
0.639479 -0.000397568
0.649492 -0.000394061
0.659506 -0.00039023
0.66952 -0.000386083
0.679534 -0.000381631
0.689548 -0.000376905
0.699562 -0.000371944
0.709577 -0.00036676
0.719591 -0.000361353
0.729606 -0.000355742
0.739621 -0.000349956
0.749636 -0.000344006
0.759651 -0.000337898
0.769666 -0.000331651
0.779682 -0.000325289
0.789697 -0.000318828
0.799713 -0.000312273
0.809729 -0.000305642
0.819745 -0.000298948
0.82976 -0.0002922
0.839777 -0.000285404
0.849793 -0.000278572
0.859809 -0.000271721
0.869825 -0.000264862
0.879842 -0.000257993
0.889858 -0.000251138
0.899875 -0.000244312
0.909892 -0.000237503
0.919908 -0.000230724
0.929925 -0.000223993
0.939942 -0.0002173
0.949959 -0.00021065
0.959976 -0.000204062
0.969993 -0.000197539
0.98001 -0.00019109
0.990027 -0.000184725
1.00004 -0.000178446
1.01006 -0.00017225
1.02008 -0.000166139
1.0301 -0.000160128
1.04011 -0.000154229
1.05013 -0.000148433
1.06015 -0.000142741
1.07017 -0.000137157
1.08018 -0.000131684
1.0902 -0.000126326
1.10022 -0.000121077
1.11024 -0.000115949
1.12025 -0.000110951
1.13027 -0.000106078
1.14029 -0.000101325
1.15031 -9.66944e-05
1.16032 -9.2189e-05
1.17034 -8.78117e-05
1.18036 -8.35649e-05
1.19038 -7.94448e-05
1.2004 -7.54523e-05
1.21041 -7.15888e-05
1.22043 -6.78514e-05
1.23045 -6.42399e-05
1.24047 -6.07557e-05
1.25048 -5.74004e-05
1.2605 -5.41738e-05
1.27052 -5.10732e-05
1.28054 -4.8093e-05
1.29055 -4.523e-05
1.30057 -4.24827e-05
1.31059 -3.98565e-05
1.32061 -3.73506e-05
1.33062 -3.49571e-05
1.34064 -3.26691e-05
1.35066 -3.04915e-05
1.36068 -2.84285e-05
1.3707 -2.64805e-05
1.38071 -2.46398e-05
1.39073 -2.29025e-05
1.40075 -2.12703e-05
1.41077 -1.9736e-05
1.42078 -1.83002e-05
1.4308 -1.69577e-05
1.44082 -1.57027e-05
1.45084 -1.45398e-05
1.46085 -1.34707e-05
1.47087 -1.24943e-05
1.48089 -1.16034e-05
1.49091 -1.07929e-05
1.50092 -1.00639e-05
1.51094 -9.41425e-06
1.52096 -8.84331e-06
1.53097 -8.3463e-06
1.54099 -7.92404e-06
1.55101 -7.57081e-06
1.56103 -7.27726e-06
1.57104 -7.05248e-06
1.58106 -6.89812e-06
1.59108 -6.80722e-06
1.6011 -6.77894e-06
1.61111 -6.80755e-06
1.62113 -6.88851e-06
1.63115 -7.01961e-06
1.64116 -7.2066e-06
1.65118 -7.45113e-06
1.6612 -7.74223e-06
1.67122 -8.07581e-06
1.68123 -8.4533e-06
1.69125 -8.87511e-06
1.70127 -9.33704e-06
1.71128 -9.83158e-06
1.7213 -1.03605e-05
1.73132 -1.09306e-05
1.74133 -1.15388e-05
1.75135 -1.2178e-05
1.76137 -1.28448e-05
1.77139 -1.35371e-05
1.7814 -1.42558e-05
1.79142 -1.50009e-05
1.80144 -1.57685e-05
1.81145 -1.65564e-05
1.82147 -1.73575e-05
1.83149 -1.81718e-05
1.8415 -1.90022e-05
1.85152 -1.98473e-05
1.86154 -2.07032e-05
1.87155 -2.15698e-05
1.88157 -2.24491e-05
1.89159 -2.3337e-05
1.9016 -2.42307e-05
1.91162 -2.51253e-05
1.92164 -2.60208e-05
1.93165 -2.69183e-05
1.94167 -2.78169e-05
1.95169 -2.8719e-05
1.9617 -2.96208e-05
1.97172 -3.05146e-05
1.98174 -3.1406e-05
1.99175 -3.22942e-05
2.00177 -3.31729e-05
2.01179 -3.40451e-05
2.0218 -3.49134e-05
2.03182 -3.57715e-05
2.04184 -3.66177e-05
2.05185 -3.74544e-05
2.06187 -3.82777e-05
2.07189 -3.90872e-05
2.0819 -3.98833e-05
2.09192 -4.0668e-05
2.10194 -4.14371e-05
2.11195 -4.21882e-05
2.12197 -4.2923e-05
2.13198 -4.3642e-05
2.142 -4.43431e-05
2.15202 -4.50308e-05
2.16203 -4.57043e-05
2.17205 -4.63566e-05
2.18207 -4.69934e-05
2.19208 -4.76144e-05
2.2021 -4.82165e-05
2.21212 -4.88019e-05
2.22213 -4.93702e-05
2.23215 -4.99198e-05
2.24217 -5.04492e-05
2.25218 -5.09594e-05
2.2622 -5.14551e-05
2.27222 -5.19382e-05
2.28223 -5.24041e-05
2.29225 -5.28546e-05
2.30227 -5.32912e-05
2.31228 -5.37119e-05
2.3223 -5.41151e-05
2.33231 -5.4498e-05
2.34233 -5.48631e-05
2.35235 -5.52147e-05
2.36236 -5.55521e-05
2.37238 -5.58735e-05
2.3824 -5.61802e-05
2.39241 -5.6472e-05
2.40243 -5.67465e-05
2.41245 -5.70032e-05
2.42246 -5.7246e-05
2.43248 -5.74752e-05
2.4425 -5.76914e-05
2.45251 -5.7897e-05
2.46253 -5.80904e-05
2.47254 -5.82687e-05
2.48256 -5.8431e-05
2.49258 -5.85794e-05
2.50259 -5.87145e-05
2.51261 -5.88381e-05
2.52263 -5.89483e-05
2.53264 -5.90459e-05
2.54266 -5.91321e-05
2.55268 -5.92058e-05
2.56269 -5.92685e-05
2.57271 -5.93211e-05
2.58273 -5.93617e-05
2.59274 -5.93901e-05
2.60276 -5.94094e-05
2.61278 -5.94193e-05
2.62279 -5.94203e-05
2.63281 -5.94123e-05
2.64283 -5.93948e-05
2.65284 -5.93699e-05
2.66286 -5.93363e-05
2.67287 -5.92915e-05
2.68289 -5.92347e-05
2.69291 -5.91684e-05
2.70292 -5.90951e-05
2.71294 -5.90138e-05
2.72296 -5.89243e-05
2.73297 -5.88283e-05
2.74299 -5.87241e-05
2.75301 -5.86113e-05
2.76302 -5.84916e-05
2.77304 -5.83641e-05
2.78306 -5.82303e-05
2.79307 -5.80887e-05
2.80309 -5.79386e-05
2.81311 -5.77815e-05
2.82312 -5.76171e-05
2.83314 -5.74448e-05
2.84316 -5.72667e-05
2.85317 -5.70834e-05
2.86319 -5.68931e-05
2.8732 -5.66996e-05
2.88322 -5.65037e-05
2.89324 -5.63046e-05
2.90325 -5.6105e-05
2.91327 -5.59057e-05
2.92329 -5.57054e-05
2.9333 -5.55029e-05
2.94332 -5.5298e-05
2.95334 -5.50932e-05
2.96335 -5.48898e-05
2.97337 -5.46859e-05
2.98339 -5.44823e-05
2.9934 -5.42798e-05
3.00342 -5.4078e-05
3.01344 -5.38778e-05
3.02345 -5.36782e-05
3.03347 -5.34787e-05
3.04349 -5.3282e-05
3.0535 -5.30882e-05
3.06352 -5.28984e-05
3.07354 -5.27115e-05
3.08355 -5.25253e-05
3.09357 -5.23415e-05
3.10359 -5.21615e-05
3.1136 -5.19838e-05
3.12362 -5.18098e-05
3.13364 -5.16406e-05
3.14365 -5.14743e-05
3.15367 -5.13107e-05
3.16368 -5.11489e-05
3.1737 -5.09918e-05
3.18372 -5.08399e-05
3.19373 -5.06905e-05
3.20375 -5.05442e-05
3.21377 -5.04021e-05
3.22378 -5.02639e-05
3.2338 -5.01287e-05
3.24382 -4.99971e-05
3.25383 -4.98704e-05
3.26385 -4.97488e-05
3.27387 -4.96319e-05
3.28388 -4.95183e-05
3.2939 -4.94081e-05
3.30392 -4.93004e-05
3.31393 -4.91947e-05
3.32395 -4.90922e-05
3.33397 -4.89926e-05
3.34398 -4.8897e-05
3.354 -4.8805e-05
3.36402 -4.87148e-05
3.37403 -4.86277e-05
3.38405 -4.85441e-05
3.39407 -4.84633e-05
3.40408 -4.83857e-05
3.4141 -4.83092e-05
3.42412 -4.82334e-05
3.43413 -4.81585e-05
3.44415 -4.8086e-05
3.45416 -4.80159e-05
3.46418 -4.79471e-05
3.4742 -4.78807e-05
3.48421 -4.78162e-05
3.49423 -4.77534e-05
3.50425 -4.76917e-05
3.51426 -4.76308e-05
3.52428 -4.75713e-05
3.5343 -4.75135e-05
3.54431 -4.74597e-05
3.55433 -4.74082e-05
3.56435 -4.73574e-05
3.57436 -4.73108e-05
3.58438 -4.72673e-05
3.5944 -4.72253e-05
3.60441 -4.71861e-05
3.61443 -4.71497e-05
3.62445 -4.71167e-05
3.63446 -4.70883e-05
3.64448 -4.70624e-05
3.6545 -4.70401e-05
3.66451 -4.70227e-05
3.67453 -4.70079e-05
3.68455 -4.69942e-05
3.69456 -4.69834e-05
3.70458 -4.69758e-05
3.7146 -4.69702e-05
3.72461 -4.69689e-05
3.73463 -4.69724e-05
3.74464 -4.69787e-05
3.75466 -4.69865e-05
3.76468 -4.69983e-05
3.77469 -4.70141e-05
3.78471 -4.70335e-05
3.79473 -4.70579e-05
3.80474 -4.70848e-05
3.81476 -4.7114e-05
3.82478 -4.71452e-05
3.83479 -4.71785e-05
3.84481 -4.72141e-05
3.85483 -4.72528e-05
3.86484 -4.72938e-05
3.87486 -4.73372e-05
3.88488 -4.7382e-05
3.89489 -4.74271e-05
3.90491 -4.74741e-05
3.91493 -4.75238e-05
3.92494 -4.75749e-05
3.93496 -4.76268e-05
3.94498 -4.7681e-05
3.95499 -4.77359e-05
3.96501 -4.77904e-05
3.97502 -4.78451e-05
3.98504 -4.79012e-05
3.99506 -4.79588e-05
4.00507 -4.80173e-05
4.01509 -4.8077e-05
4.02511 -4.81362e-05
4.03512 -4.81955e-05
4.04514 -4.82549e-05
4.05516 -4.83115e-05
4.06517 -4.83674e-05
4.07519 -4.84232e-05
4.08521 -4.84772e-05
4.09522 -4.85298e-05
4.10524 -4.85811e-05
4.11526 -4.86307e-05
4.12527 -4.86795e-05
4.13529 -4.87275e-05
4.14531 -4.87738e-05
4.15532 -4.88182e-05
4.16534 -4.88612e-05
4.17535 -4.89022e-05
4.18537 -4.8942e-05
4.19539 -4.89809e-05
4.2054 -4.90171e-05
4.21542 -4.90515e-05
4.22544 -4.90837e-05
4.23545 -4.91143e-05
4.24547 -4.9144e-05
4.25549 -4.91718e-05
4.2655 -4.91988e-05
4.27552 -4.92248e-05
4.28554 -4.92499e-05
4.29555 -4.92766e-05
4.30557 -4.93042e-05
4.31559 -4.93316e-05
4.3256 -4.93578e-05
4.33562 -4.93824e-05
4.34564 -4.94092e-05
4.35565 -4.94365e-05
4.36567 -4.94612e-05
4.37569 -4.94853e-05
4.3857 -4.95102e-05
4.39572 -4.95364e-05
4.40573 -4.95636e-05
4.41575 -4.95898e-05
4.42577 -4.96159e-05
4.43578 -4.96433e-05
4.4458 -4.96701e-05
4.45582 -4.96974e-05
4.46583 -4.97278e-05
4.47585 -4.97593e-05
4.48587 -4.97905e-05
4.49588 -4.98223e-05
4.5059 -4.98535e-05
4.51592 -4.98844e-05
4.52593 -4.99162e-05
4.53595 -4.99475e-05
4.54597 -4.99776e-05
4.55598 -5.00073e-05
4.566 -5.0038e-05
4.57601 -5.00686e-05
4.58603 -5.00984e-05
4.59605 -5.01285e-05
4.60606 -5.01577e-05
4.61608 -5.01861e-05
4.6261 -5.02148e-05
4.63611 -5.02419e-05
4.64613 -5.02661e-05
4.65615 -5.02898e-05
4.66616 -5.03147e-05
4.67618 -5.0339e-05
4.6862 -5.03613e-05
4.69621 -5.03819e-05
4.70623 -5.04007e-05
4.71625 -5.04179e-05
4.72626 -5.04339e-05
4.73628 -5.04495e-05
4.74629 -5.0463e-05
4.75631 -5.04732e-05
4.76633 -5.04831e-05
4.77634 -5.04935e-05
4.78636 -5.05025e-05
4.79638 -5.0509e-05
4.80639 -5.05137e-05
4.81641 -5.05158e-05
4.82643 -5.05143e-05
4.83644 -5.05101e-05
4.84646 -5.05033e-05
4.85648 -5.04945e-05
4.86649 -5.04851e-05
4.87651 -5.04749e-05
4.88653 -5.04632e-05
4.89654 -5.04508e-05
4.90656 -5.04377e-05
4.91657 -5.04244e-05
4.92659 -5.041e-05
4.93661 -5.03942e-05
4.94662 -5.03785e-05
4.95664 -5.03616e-05
4.96666 -5.03432e-05
4.97667 -5.03248e-05
4.98669 -5.03069e-05
4.99671 -5.02894e-05
5.00672 -5.02725e-05
5.01674 -5.02549e-05
5.02676 -5.02372e-05
5.03677 -5.02204e-05
5.04679 -5.02046e-05
5.05681 -5.01898e-05
5.06682 -5.01758e-05
5.07684 -5.01634e-05
5.08686 -5.01511e-05
5.09687 -5.01382e-05
5.10689 -5.0125e-05
5.1169 -5.01127e-05
5.12692 -5.01007e-05
5.13694 -5.00877e-05
5.14695 -5.00753e-05
5.15697 -5.00636e-05
5.16699 -5.00527e-05
5.177 -5.00434e-05
5.18702 -5.00356e-05
5.19704 -5.00295e-05
5.20705 -5.00247e-05
5.21707 -5.00204e-05
5.22709 -5.00165e-05
5.2371 -5.00125e-05
5.24712 -5.00098e-05
5.25714 -5.00088e-05
5.26715 -5.00078e-05
5.27717 -5.00054e-05
5.28718 -5.00033e-05
5.2972 -5.00037e-05
5.30722 -5.0004e-05
5.31723 -5.00024e-05
5.32725 -5.00005e-05
5.33727 -4.99983e-05
5.34728 -4.99966e-05
5.3573 -4.99955e-05
5.36732 -4.99933e-05
5.37733 -4.99903e-05
5.38735 -4.99861e-05
5.39737 -4.99806e-05
5.40738 -4.99733e-05
5.4174 -4.99658e-05
5.42742 -4.99601e-05
5.43743 -4.99542e-05
5.44745 -4.99461e-05
5.45746 -4.99363e-05
5.46748 -4.99264e-05
5.4775 -4.99157e-05
5.48751 -4.99036e-05
5.49753 -4.98909e-05
5.50755 -4.98781e-05
5.51756 -4.98656e-05
5.52758 -4.98524e-05
5.5376 -4.98382e-05
5.54761 -4.98239e-05
5.55763 -4.98092e-05
5.56765 -4.97928e-05
5.57766 -4.97749e-05
5.58768 -4.97573e-05
5.5977 -4.97393e-05
5.60771 -4.97206e-05
5.61773 -4.97024e-05
5.62774 -4.96844e-05
5.63776 -4.9666e-05
5.64778 -4.96479e-05
5.65779 -4.96297e-05
5.66781 -4.96119e-05
5.67783 -4.95957e-05
5.68784 -4.95791e-05
5.69786 -4.95625e-05
5.70788 -4.95479e-05
5.71789 -4.9535e-05
5.72791 -4.95234e-05
5.73793 -4.95128e-05
5.74794 -4.95034e-05
5.75796 -4.94936e-05
5.76798 -4.9483e-05
5.77799 -4.94739e-05
5.78801 -4.94665e-05
5.79802 -4.94607e-05
5.80804 -4.94575e-05
5.81806 -4.94556e-05
5.82807 -4.94545e-05
5.83809 -4.94543e-05
5.84811 -4.9456e-05
5.85812 -4.94591e-05
5.86814 -4.94627e-05
5.87816 -4.94683e-05
5.88817 -4.94758e-05
5.89819 -4.94841e-05
5.90821 -4.9493e-05
5.91822 -4.95026e-05
5.92824 -4.95115e-05
5.93826 -4.95208e-05
5.94827 -4.95322e-05
5.95829 -4.95438e-05
5.9683 -4.95546e-05
5.97832 -4.95657e-05
5.98834 -4.95786e-05
5.99835 -4.95917e-05
6.00837 -4.96029e-05
6.01839 -4.96136e-05
6.0284 -4.96244e-05
6.03842 -4.96357e-05
6.04844 -4.96471e-05
6.05845 -4.96574e-05
6.06847 -4.96668e-05
6.07849 -4.96756e-05
6.0885 -4.96836e-05
6.09852 -4.96911e-05
6.10854 -4.96975e-05
6.11855 -4.97034e-05
6.12857 -4.97086e-05
6.13858 -4.97122e-05
6.1486 -4.97147e-05
6.15862 -4.97163e-05
6.16863 -4.97179e-05
6.17865 -4.97192e-05
6.18867 -4.97193e-05
6.19868 -4.97177e-05
6.2087 -4.97162e-05
6.21872 -4.97151e-05
6.22873 -4.97116e-05
6.23875 -4.9706e-05
6.24877 -4.97008e-05
6.25878 -4.96962e-05
6.2688 -4.96907e-05
6.27882 -4.96839e-05
6.28883 -4.96776e-05
6.29885 -4.9672e-05
6.30886 -4.9665e-05
6.31888 -4.96585e-05
6.3289 -4.96524e-05
6.33891 -4.96444e-05
6.34893 -4.96353e-05
6.35895 -4.96274e-05
6.36896 -4.96205e-05
6.37898 -4.9613e-05
6.389 -4.96049e-05
6.39901 -4.9596e-05
6.40903 -4.95857e-05
6.41905 -4.95759e-05
6.42906 -4.9568e-05
6.43908 -4.95602e-05
6.44909 -4.95525e-05
6.45911 -4.95455e-05
6.46913 -4.95392e-05
6.47914 -4.95333e-05
6.48916 -4.95272e-05
6.49918 -4.95219e-05
6.50919 -4.95197e-05
6.51921 -4.95195e-05
6.52923 -4.95189e-05
6.53924 -4.9519e-05
6.54926 -4.95203e-05
6.55928 -4.95207e-05
6.56929 -4.95215e-05
6.57931 -4.95247e-05
6.58933 -4.95296e-05
6.59934 -4.95355e-05
6.60936 -4.9542e-05
6.61937 -4.95496e-05
6.62939 -4.95602e-05
6.63941 -4.95714e-05
6.64942 -4.95808e-05
6.65944 -4.95893e-05
6.66946 -4.95986e-05
6.67947 -4.96088e-05
6.68949 -4.96192e-05
6.69951 -4.96306e-05
6.70952 -4.96419e-05
6.71954 -4.96519e-05
6.72956 -4.96615e-05
6.73957 -4.96717e-05
6.74959 -4.9682e-05
6.7596 -4.96921e-05
6.76962 -4.97015e-05
6.77964 -4.97109e-05
6.78965 -4.97201e-05
6.79967 -4.97281e-05
6.80969 -4.97362e-05
6.8197 -4.97445e-05
6.82972 -4.97526e-05
6.83974 -4.97603e-05
6.84975 -4.97672e-05
6.85977 -4.97739e-05
6.86979 -4.978e-05
6.8798 -4.97866e-05
6.88982 -4.97938e-05
6.89984 -4.98009e-05
6.90985 -4.9807e-05
6.91987 -4.98123e-05
6.92988 -4.98166e-05
6.9399 -4.98192e-05
6.94992 -4.98216e-05
6.95993 -4.98235e-05
6.96995 -4.98254e-05
6.97997 -4.98271e-05
6.98998 -4.9827e-05
7 -4.98266e-05
