-0.0127141 0.00190543
-0.00271502 0.001788
0.00728336 0.00167268
0.0172814 0.00156054
0.0272794 0.00145201
0.0372775 0.00134701
0.0472758 0.00124533
0.057274 0.00114723
0.067272 0.00105306
0.0772701 0.000962969
0.0872684 0.000877064
0.0972668 0.000795308
0.107266 0.000717619
0.117265 0.000643959
0.127264 0.000574206
0.137264 0.000508175
0.147264 0.000445676
0.157265 0.000386534
0.167266 0.000330611
0.177268 0.000277682
0.187271 0.000227605
0.197274 0.00018022
0.207277 0.000135357
0.217281 9.29316e-05
0.227286 5.27751e-05
0.237291 1.47467e-05
0.247296 -2.12621e-05
0.257302 -5.53552e-05
0.267308 -8.75995e-05
0.277314 -0.000118028
0.287321 -0.000146762
0.297328 -0.000173858
0.307335 -0.000199357
0.317343 -0.000223326
0.327351 -0.000245807
0.337359 -0.000266835
0.347368 -0.000286474
0.357376 -0.000304766
0.367386 -0.000321732
0.377395 -0.000337435
0.387404 -0.000351926
0.397414 -0.000365227
0.407424 -0.000377357
0.417435 -0.000388366
0.427446 -0.000398313
0.437457 -0.000407207
0.447468 -0.000415067
0.457479 -0.000421972
0.467491 -0.000427964
0.477503 -0.000433065
0.487516 -0.000437327
0.497528 -0.000440761
0.507541 -0.000443415
0.517554 -0.000445345
0.527568 -0.000446562
0.537581 -0.000447105
0.547595 -0.000447017
0.557609 -0.000446337
0.567623 -0.000445079
0.577638 -0.000443255
0.587653 -0.000440934
0.597668 -0.000438137
0.607683 -0.00043486
0.617699 -0.000431151
0.627715 -0.000427058
0.637731 -0.000422584
0.647747 -0.000417746
0.657763 -0.000412591
0.66778 -0.000407129
0.677796 -0.000401374
0.687813 -0.000395358
0.69783 -0.000389124
0.707848 -0.000382685
0.717865 -0.000376042
0.727883 -0.000369217
0.7379 -0.00036224
0.747918 -0.000355123
0.757936 -0.000347874
0.767954 -0.000340514
0.777973 -0.000333067
0.787991 -0.000325549
0.79801 -0.000317968
0.808028 -0.000310342
0.818047 -0.000302685
0.828066 -0.000295006
0.838085 -0.000287313
0.848104 -0.000279618
0.858123 -0.000271936
0.868143 -0.000264282
0.878162 -0.000256652
0.888182 -0.00024907
0.898201 -0.000241552
0.908221 -0.000234086
0.918241 -0.000226687
0.928261 -0.000219368
0.93828 -0.000212123
0.9483 -0.000204957
0.95832 -0.000197887
0.96834 -0.000190915
0.97836 -0.000184051
0.988381 -0.000177305
0.998401 -0.000170678
1.00842 -0.000164167
1.01844 -0.000157773
1.02846 -0.000151512
1.03848 -0.000145393
1.0485 -0.000139407
1.05852 -0.000133557
1.06854 -0.000127843
1.07856 -0.000122269
1.08858 -0.000116838
1.0986 -0.000111544
1.10863 -0.000106398
1.11865 -0.000101407
1.12867 -9.6567e-05
1.13869 -9.18713e-05
1.14871 -8.73213e-05
1.15873 -8.29197e-05
1.16875 -7.86684e-05
1.17877 -7.45688e-05
1.18879 -7.06167e-05
1.19881 -6.68117e-05
1.20883 -6.31547e-05
1.21885 -5.96419e-05
1.22887 -5.62722e-05
1.23889 -5.30461e-05
1.24891 -4.99647e-05
1.25893 -4.70266e-05
1.26895 -4.42285e-05
1.27898 -4.1564e-05
1.289 -3.90289e-05
1.29902 -3.6621e-05
1.30904 -3.4345e-05
1.31906 -3.21992e-05
1.32908 -3.01751e-05
1.3391 -2.82647e-05
1.34912 -2.64723e-05
1.35914 -2.48015e-05
1.36916 -2.32517e-05
1.37918 -2.18148e-05
1.3892 -2.04858e-05
1.39922 -1.9266e-05
1.40924 -1.81475e-05
1.41926 -1.71301e-05
1.42928 -1.6208e-05
1.4393 -1.53747e-05
1.44932 -1.46344e-05
1.45934 -1.39881e-05
1.46936 -1.34339e-05
1.47938 -1.29643e-05
1.4894 -1.25735e-05
1.49942 -1.22622e-05
1.50944 -1.20276e-05
1.51946 -1.18686e-05
1.52948 -1.178e-05
1.5395 -1.17622e-05
1.54952 -1.18089e-05
1.55954 -1.19105e-05
1.56956 -1.20756e-05
1.57958 -1.23054e-05
1.5896 -1.25927e-05
1.59962 -1.29363e-05
1.60964 -1.333e-05
1.61966 -1.37691e-05
1.62968 -1.4251e-05
1.6397 -1.47812e-05
1.64972 -1.53612e-05
1.65974 -1.59798e-05
1.66976 -1.66325e-05
1.67978 -1.73207e-05
1.6898 -1.80446e-05
1.69982 -1.87998e-05
1.70984 -1.95786e-05
1.71986 -2.03827e-05
1.72988 -2.12187e-05
1.7399 -2.20835e-05
1.74992 -2.29699e-05
1.75994 -2.38745e-05
1.76996 -2.4795e-05
1.77998 -2.57322e-05
1.79 -2.66862e-05
1.80002 -2.76531e-05
1.81004 -2.86307e-05
1.82006 -2.96119e-05
1.83007 -3.05966e-05
1.84009 -3.15878e-05
1.85011 -3.25843e-05
1.86013 -3.3582e-05
1.87015 -3.4581e-05
1.88017 -3.55834e-05
1.89019 -3.65852e-05
1.90021 -3.75835e-05
1.91023 -3.85738e-05
1.92025 -3.9556e-05
1.93027 -4.05314e-05
1.94029 -4.14994e-05
1.95031 -4.24622e-05
1.96033 -4.34163e-05
1.97035 -4.43542e-05
1.98037 -4.52815e-05
1.99038 -4.61978e-05
2.0004 -4.70969e-05
2.01042 -4.7982e-05
2.02044 -4.88556e-05
2.03046 -4.97119e-05
2.04048 -5.05492e-05
2.0505 -5.13701e-05
2.06052 -5.2171e-05
2.07054 -5.29517e-05
2.08056 -5.37126e-05
2.09058 -5.44561e-05
2.1006 -5.51782e-05
2.11062 -5.58766e-05
2.12063 -5.65532e-05
2.13065 -5.72088e-05
2.14067 -5.78414e-05
2.15069 -5.84558e-05
2.16071 -5.90514e-05
2.17073 -5.96213e-05
2.18075 -6.01716e-05
2.19077 -6.07019e-05
2.20079 -6.12096e-05
2.21081 -6.16969e-05
2.22083 -6.21637e-05
2.23085 -6.26086e-05
2.24086 -6.30304e-05
2.25088 -6.343e-05
2.2609 -6.38125e-05
2.27092 -6.418e-05
2.28094 -6.45282e-05
2.29096 -6.48588e-05
2.30098 -6.51737e-05
2.311 -6.54708e-05
2.32102 -6.57491e-05
2.33104 -6.60058e-05
2.34106 -6.62435e-05
2.35108 -6.64667e-05
2.3611 -6.66747e-05
2.37111 -6.68662e-05
2.38113 -6.70425e-05
2.39115 -6.72035e-05
2.40117 -6.7347e-05
2.41119 -6.74727e-05
2.42121 -6.75846e-05
2.43123 -6.76832e-05
2.44125 -6.77692e-05
2.45127 -6.78451e-05
2.46129 -6.79096e-05
2.47131 -6.79597e-05
2.48133 -6.79947e-05
2.49134 -6.80169e-05
2.50136 -6.80269e-05
2.51138 -6.80266e-05
2.5214 -6.80143e-05
2.53142 -6.79908e-05
2.54144 -6.79574e-05
2.55146 -6.79133e-05
2.56148 -6.78599e-05
2.5715 -6.77982e-05
2.58152 -6.77265e-05
2.59154 -6.76445e-05
2.60156 -6.75555e-05
2.61158 -6.74592e-05
2.62159 -6.73562e-05
2.63161 -6.72465e-05
2.64163 -6.71296e-05
2.65165 -6.70077e-05
2.66167 -6.68794e-05
2.67169 -6.67424e-05
2.68171 -6.65959e-05
2.69173 -6.64424e-05
2.70175 -6.62845e-05
2.71177 -6.61212e-05
2.72179 -6.59524e-05
2.73181 -6.57798e-05
2.74183 -6.56018e-05
2.75185 -6.54177e-05
2.76186 -6.52295e-05
2.77188 -6.50362e-05
2.7819 -6.48394e-05
2.79192 -6.46376e-05
2.80194 -6.44301e-05
2.81196 -6.42182e-05
2.82198 -6.40018e-05
2.832 -6.37801e-05
2.84202 -6.35555e-05
2.85204 -6.33284e-05
2.86206 -6.3097e-05
2.87208 -6.2865e-05
2.8821 -6.26331e-05
2.89212 -6.24007e-05
2.90213 -6.21706e-05
2.91215 -6.19433e-05
2.92217 -6.17175e-05
2.93219 -6.14919e-05
2.94221 -6.12665e-05
2.95223 -6.10437e-05
2.96225 -6.08246e-05
2.97227 -6.06073e-05
2.98229 -6.03926e-05
2.99231 -6.01815e-05
3.00233 -5.99732e-05
3.01235 -5.97686e-05
3.02237 -5.95668e-05
3.03239 -5.93671e-05
3.0424 -5.91723e-05
3.05242 -5.89826e-05
3.06244 -5.87986e-05
3.07246 -5.86195e-05
3.08248 -5.84429e-05
3.0925 -5.82706e-05
3.10252 -5.81038e-05
3.11254 -5.79408e-05
3.12256 -5.77833e-05
3.13258 -5.76321e-05
3.1426 -5.74854e-05
3.15262 -5.73429e-05
3.16264 -5.72036e-05
3.17266 -5.70704e-05
3.18268 -5.69437e-05
3.19269 -5.68208e-05
3.20271 -5.67021e-05
3.21273 -5.65888e-05
3.22275 -5.64805e-05
3.23277 -5.63762e-05
3.24279 -5.62765e-05
3.25281 -5.61826e-05
3.26283 -5.60948e-05
3.27285 -5.60125e-05
3.28287 -5.59342e-05
3.29289 -5.58601e-05
3.30291 -5.57892e-05
3.31293 -5.57209e-05
3.32295 -5.56564e-05
3.33296 -5.55953e-05
3.34298 -5.55386e-05
3.353 -5.54861e-05
3.36302 -5.54358e-05
3.37304 -5.5389e-05
3.38306 -5.53459e-05
3.39308 -5.53059e-05
3.4031 -5.52692e-05
3.41312 -5.52339e-05
3.42314 -5.51994e-05
3.43316 -5.51658e-05
3.44318 -5.51345e-05
3.4532 -5.51059e-05
3.46322 -5.50784e-05
3.47323 -5.50532e-05
3.48325 -5.50298e-05
3.49327 -5.5008e-05
3.50329 -5.49873e-05
3.51331 -5.49669e-05
3.52333 -5.49477e-05
3.53335 -5.49298e-05
3.54337 -5.49157e-05
3.55339 -5.49035e-05
3.56341 -5.48916e-05
3.57343 -5.48835e-05
3.58345 -5.48781e-05
3.59347 -5.48736e-05
3.60349 -5.48714e-05
3.6135 -5.48715e-05
3.62352 -5.48744e-05
3.63354 -5.48812e-05
3.64356 -5.489e-05
3.65358 -5.49018e-05
3.6636 -5.49179e-05
3.67362 -5.4936e-05
3.68364 -5.49545e-05
3.69366 -5.4975e-05
3.70368 -5.49982e-05
3.7137 -5.50225e-05
3.72372 -5.50504e-05
3.73374 -5.50823e-05
3.74376 -5.51163e-05
3.75377 -5.51509e-05
3.76379 -5.51887e-05
3.77381 -5.52298e-05
3.78383 -5.52736e-05
3.79385 -5.53215e-05
3.80387 -5.53713e-05
3.81389 -5.54225e-05
3.82391 -5.54748e-05
3.83393 -5.55283e-05
3.84395 -5.55834e-05
3.85397 -5.56407e-05
3.86399 -5.56995e-05
3.87401 -5.57597e-05
3.88403 -5.58206e-05
3.89404 -5.58809e-05
3.90406 -5.59424e-05
3.91408 -5.60056e-05
3.9241 -5.60693e-05
3.93412 -5.61331e-05
3.94414 -5.61984e-05
3.95416 -5.62637e-05
3.96418 -5.63278e-05
3.9742 -5.63912e-05
3.98422 -5.64552e-05
3.99424 -5.652e-05
4.00426 -5.6585e-05
4.01428 -5.66505e-05
4.02429 -5.67147e-05
4.03431 -5.67782e-05
4.04433 -5.6841e-05
4.05435 -5.69004e-05
4.06437 -5.69584e-05
4.07439 -5.70158e-05
4.08441 -5.70705e-05
4.09443 -5.71232e-05
4.10445 -5.7174e-05
4.11447 -5.72223e-05
4.12449 -5.72693e-05
4.13451 -5.7315e-05
4.14453 -5.73586e-05
4.15454 -5.73995e-05
4.16456 -5.74384e-05
4.17458 -5.74748e-05
4.1846 -5.75095e-05
4.19462 -5.75428e-05
4.20464 -5.75729e-05
4.21466 -5.76006e-05
4.22468 -5.76257e-05
4.2347 -5.76487e-05
4.24472 -5.76704e-05
4.25474 -5.76898e-05
4.26476 -5.77081e-05
4.27478 -5.7725e-05
4.28479 -5.77404e-05
4.29481 -5.77572e-05
4.30483 -5.77745e-05
4.31485 -5.77912e-05
4.32487 -5.78064e-05
4.33489 -5.78197e-05
4.34491 -5.78349e-05
4.35493 -5.78504e-05
4.36495 -5.7863e-05
4.37497 -5.78747e-05
4.38499 -5.78868e-05
4.39501 -5.79001e-05
4.40503 -5.79142e-05
4.41504 -5.79271e-05
4.42506 -5.79398e-05
4.43508 -5.79536e-05
4.4451 -5.79666e-05
4.45512 -5.79798e-05
4.46514 -5.79961e-05
4.47516 -5.80134e-05
4.48518 -5.80303e-05
4.4952 -5.80476e-05
4.50522 -5.80643e-05
4.51524 -5.80806e-05
4.52526 -5.80979e-05
4.53528 -5.81144e-05
4.54529 -5.81299e-05
4.55531 -5.81451e-05
4.56533 -5.8161e-05
4.57535 -5.8177e-05
4.58537 -5.81922e-05
4.59539 -5.82079e-05
4.60541 -5.82225e-05
4.61543 -5.82364e-05
4.62545 -5.82507e-05
4.63547 -5.82636e-05
4.64549 -5.82736e-05
4.65551 -5.82831e-05
4.66552 -5.82941e-05
4.67554 -5.83047e-05
4.68556 -5.83133e-05
4.69558 -5.83204e-05
4.7056 -5.83258e-05
4.71562 -5.83297e-05
4.72564 -5.83326e-05
4.73566 -5.83353e-05
4.74568 -5.83362e-05
4.7557 -5.8334e-05
4.76572 -5.83315e-05
4.77574 -5.83297e-05
4.78576 -5.83267e-05
4.79577 -5.83214e-05
4.80579 -5.83145e-05
4.81581 -5.83052e-05
4.82583 -5.82925e-05
4.83585 -5.82776e-05
4.84587 -5.82603e-05
4.85589 -5.82414e-05
4.86591 -5.82222e-05
4.87593 -5.82024e-05
4.88595 -5.81811e-05
4.89597 -5.81593e-05
4.90599 -5.81372e-05
4.91601 -5.8115e-05
4.92602 -5.80919e-05
4.93604 -5.80677e-05
4.94606 -5.80438e-05
4.95608 -5.80191e-05
4.9661 -5.79932e-05
4.97612 -5.79675e-05
4.98614 -5.79426e-05
4.99616 -5.79184e-05
5.00618 -5.7895e-05
5.0162 -5.78711e-05
5.02622 -5.78474e-05
5.03624 -5.7825e-05
5.04626 -5.78037e-05
5.05627 -5.77836e-05
5.06629 -5.77646e-05
5.07631 -5.77472e-05
5.08633 -5.77304e-05
5.09635 -5.7713e-05
5.10637 -5.76957e-05
5.11639 -5.76795e-05
5.12641 -5.76639e-05
5.13643 -5.76474e-05
5.14645 -5.76316e-05
5.15647 -5.76168e-05
5.16649 -5.7603e-05
5.17651 -5.75912e-05
5.18652 -5.75811e-05
5.19654 -5.75729e-05
5.20656 -5.7566e-05
5.21658 -5.75599e-05
5.2266 -5.75544e-05
5.23662 -5.75491e-05
5.24664 -5.75452e-05
5.25666 -5.75433e-05
5.26668 -5.75415e-05
5.2767 -5.75384e-05
5.28672 -5.75357e-05
5.29674 -5.75359e-05
5.30676 -5.75361e-05
5.31677 -5.75346e-05
5.32679 -5.75329e-05
5.33681 -5.7531e-05
5.34683 -5.75299e-05
5.35685 -5.75295e-05
5.36687 -5.75283e-05
5.37689 -5.75265e-05
5.38691 -5.75236e-05
5.39693 -5.75195e-05
5.40695 -5.75136e-05
5.41697 -5.75076e-05
5.42699 -5.75037e-05
5.43701 -5.74997e-05
5.44702 -5.74936e-05
5.45704 -5.74861e-05
5.46706 -5.74785e-05
5.47708 -5.74702e-05
5.4871 -5.74606e-05
5.49712 -5.74506e-05
5.50714 -5.74404e-05
5.51716 -5.74306e-05
5.52718 -5.74201e-05
5.5372 -5.74087e-05
5.54722 -5.73974e-05
5.55724 -5.73858e-05
5.56725 -5.73728e-05
5.57727 -5.73582e-05
5.58729 -5.73438e-05
5.59731 -5.73292e-05
5.60733 -5.7314e-05
5.61735 -5.72992e-05
5.62737 -5.72847e-05
5.63739 -5.72698e-05
5.64741 -5.72552e-05
5.65743 -5.72406e-05
5.66745 -5.72264e-05
5.67747 -5.72138e-05
5.68749 -5.72009e-05
5.6975 -5.71879e-05
5.70752 -5.71768e-05
5.71754 -5.71676e-05
5.72756 -5.71597e-05
5.73758 -5.71528e-05
5.7476 -5.7147e-05
5.75762 -5.71409e-05
5.76764 -5.71339e-05
5.77766 -5.71284e-05
5.78768 -5.71245e-05
5.7977 -5.71223e-05
5.80772 -5.71226e-05
5.81773 -5.71243e-05
5.82775 -5.71267e-05
5.83777 -5.71299e-05
5.84779 -5.71348e-05
5.85781 -5.71412e-05
5.86783 -5.7148e-05
5.87785 -5.71566e-05
5.88787 -5.71673e-05
5.89789 -5.71787e-05
5.90791 -5.71907e-05
5.91793 -5.72034e-05
5.92795 -5.72152e-05
5.93797 -5.72275e-05
5.94798 -5.72418e-05
5.958 -5.72562e-05
5.96802 -5.72697e-05
5.97804 -5.72835e-05
5.98806 -5.7299e-05
5.99808 -5.73146e-05
6.0081 -5.73284e-05
6.01812 -5.73416e-05
6.02814 -5.73548e-05
6.03816 -5.73684e-05
6.04818 -5.73821e-05
6.0582 -5.73948e-05
6.06821 -5.74063e-05
6.07823 -5.74174e-05
6.08825 -5.74275e-05
6.09827 -5.74371e-05
6.10829 -5.74457e-05
6.11831 -5.74537e-05
6.12833 -5.7461e-05
6.13835 -5.74667e-05
6.14837 -5.7471e-05
6.15839 -5.74745e-05
6.16841 -5.74779e-05
6.17843 -5.7481e-05
6.18845 -5.74828e-05
6.19846 -5.74829e-05
6.20848 -5.7483e-05
6.2185 -5.74835e-05
6.22852 -5.74815e-05
6.23854 -5.74773e-05
6.24856 -5.74736e-05
6.25858 -5.74705e-05
6.2686 -5.74663e-05
6.27862 -5.74609e-05
6.28864 -5.74558e-05
6.29866 -5.74514e-05
6.30868 -5.74457e-05
6.3187 -5.74403e-05
6.32871 -5.74355e-05
6.33873 -5.74285e-05
6.34875 -5.74205e-05
6.35877 -5.74135e-05
6.36879 -5.74078e-05
6.37881 -5.74011e-05
6.38883 -5.73937e-05
6.39885 -5.73855e-05
6.40887 -5.73759e-05
6.41889 -5.73668e-05
6.42891 -5.73596e-05
6.43893 -5.73525e-05
6.44894 -5.73452e-05
6.45896 -5.73386e-05
6.46898 -5.73328e-05
6.479 -5.73273e-05
6.48902 -5.73214e-05
6.49904 -5.73164e-05
6.50906 -5.73145e-05
6.51908 -5.73145e-05
6.5291 -5.7314e-05
6.53912 -5.73142e-05
6.54914 -5.73154e-05
6.55916 -5.73159e-05
6.56917 -5.73168e-05
6.57919 -5.73198e-05
6.58921 -5.73245e-05
6.59923 -5.73303e-05
6.60925 -5.73366e-05
6.61927 -5.73441e-05
6.62929 -5.73544e-05
6.63931 -5.73653e-05
6.64933 -5.73744e-05
6.65935 -5.73825e-05
6.66937 -5.73914e-05
6.67939 -5.74013e-05
6.6894 -5.74113e-05
6.69942 -5.74223e-05
6.70944 -5.74331e-05
6.71946 -5.74426e-05
6.72948 -5.74517e-05
6.7395 -5.74614e-05
6.74952 -5.74713e-05
6.75954 -5.74809e-05
6.76956 -5.74898e-05
6.77958 -5.74986e-05
6.7896 -5.75074e-05
6.79962 -5.7515e-05
6.80964 -5.75226e-05
6.81965 -5.75304e-05
6.82967 -5.75378e-05
6.83969 -5.7545e-05
6.84971 -5.75516e-05
6.85973 -5.75578e-05
6.86975 -5.75635e-05
6.87977 -5.75696e-05
6.88979 -5.75765e-05
6.89981 -5.75832e-05
6.90983 -5.7589e-05
6.91985 -5.7594e-05
6.92987 -5.75981e-05
6.93988 -5.76006e-05
6.9499 -5.76028e-05
6.95992 -5.76045e-05
6.96994 -5.76062e-05
6.97996 -5.76076e-05
6.98998 -5.76075e-05
7 -5.76071e-05
