-0.00542736 0.00119047
0.00457244 0.00113036
0.0145719 0.00107124
0.0245713 0.00101352
0.0345706 0.000957404
0.0445699 0.000902956
0.0545693 0.000850148
0.0645687 0.000799052
0.0745681 0.000749681
0.0845675 0.00070202
0.094567 0.000656126
0.104567 0.000611973
0.114566 0.000569511
0.124566 0.000528758
0.134566 0.000489668
0.144566 0.000452156
0.154566 0.000416142
0.164567 0.000381568
0.174567 0.000348412
0.184568 0.000316563
0.194569 0.000285985
0.204571 0.000256621
0.214572 0.000228394
0.224574 0.000201306
0.234575 0.000175268
0.244577 0.000150214
0.254579 0.000126099
0.264581 0.000102881
0.274584 8.05481e-05
0.284586 5.91154e-05
0.294589 3.85073e-05
0.304591 1.87084e-05
0.314594 -2.85871e-07
0.324597 -1.85063e-05
0.334599 -3.5964e-05
0.344602 -5.26637e-05
0.354605 -6.86404e-05
0.364609 -8.39081e-05
0.374612 -9.84632e-05
0.384615 -0.000112341
0.394619 -0.000125568
0.404622 -0.000138141
0.414626 -0.000150055
0.42463 -0.000161336
0.434633 -0.000172017
0.444637 -0.000182085
0.454641 -0.000191534
0.464645 -0.000200422
0.47465 -0.000208765
0.484654 -0.000216564
0.494658 -0.00022385
0.504663 -0.00023061
0.514667 -0.000236871
0.524672 -0.00024267
0.534677 -0.000247997
0.544682 -0.000252871
0.554687 -0.000257315
0.564692 -0.000261351
0.574697 -0.000264974
0.584702 -0.00026818
0.594708 -0.000271021
0.604713 -0.000273501
0.614719 -0.000275601
0.624725 -0.000277354
0.63473 -0.000278794
0.644736 -0.00027991
0.654742 -0.000280707
0.664748 -0.000281218
0.674754 -0.000281442
0.684761 -0.000281381
0.694767 -0.000281057
0.704773 -0.000280502
0.71478 -0.000279719
0.724786 -0.000278701
0.734793 -0.00027746
0.7448 -0.000276018
0.754807 -0.00027438
0.764813 -0.000272545
0.77482 -0.000270528
0.784827 -0.000268345
0.794834 -0.000266009
0.804842 -0.000263519
0.814849 -0.000260889
0.824856 -0.000258128
0.834863 -0.000255242
0.844871 -0.000252231
0.854878 -0.000249106
0.864886 -0.000245879
0.874893 -0.000242559
0.884901 -0.000239143
0.894909 -0.000235649
0.904916 -0.000232092
0.914924 -0.000228458
0.924932 -0.000224759
0.93494 -0.00022101
0.944948 -0.0002172
0.954956 -0.000213333
0.964964 -0.000209428
0.974972 -0.000205485
0.98498 -0.000201514
0.994988 -0.000197524
1.005 -0.000193517
1.015 -0.00018949
1.02501 -0.000185444
1.03502 -0.000181396
1.04503 -0.000177356
1.05504 -0.000173316
1.06505 -0.00016928
1.07505 -0.000165248
1.08506 -0.000161228
1.09507 -0.000157223
1.10508 -0.000153228
1.11509 -0.000149256
1.1251 -0.000145317
1.13511 -0.000141408
1.14511 -0.000137525
1.15512 -0.000133671
1.16513 -0.000129852
1.17514 -0.000126071
1.18515 -0.000122333
1.19516 -0.000118635
1.20517 -0.00011498
1.21518 -0.000111371
1.22518 -0.000107807
1.23519 -0.000104291
1.2452 -0.000100824
1.25521 -9.74113e-05
1.26522 -9.40541e-05
1.27523 -9.07517e-05
1.28524 -8.75006e-05
1.29525 -8.42998e-05
1.30526 -8.11498e-05
1.31526 -7.80583e-05
1.32527 -7.50265e-05
1.33528 -7.20489e-05
1.34529 -6.91205e-05
1.3553 -6.62485e-05
1.36531 -6.34393e-05
1.37532 -6.06953e-05
1.38533 -5.80113e-05
1.39534 -5.53853e-05
1.40534 -5.28213e-05
1.41535 -5.03144e-05
1.42536 -4.7867e-05
1.43537 -4.54764e-05
1.44538 -4.31389e-05
1.45539 -4.0861e-05
1.4654 -3.86467e-05
1.47541 -3.64968e-05
1.48542 -3.44062e-05
1.49542 -3.23719e-05
1.50543 -3.03968e-05
1.51544 -2.8481e-05
1.52545 -2.66254e-05
1.53546 -2.48275e-05
1.54547 -2.30897e-05
1.55548 -2.14083e-05
1.56549 -1.97756e-05
1.5755 -1.82027e-05
1.58551 -1.66927e-05
1.59551 -1.52405e-05
1.60552 -1.38469e-05
1.61553 -1.25077e-05
1.62554 -1.12201e-05
1.63555 -9.98322e-06
1.64556 -8.80443e-06
1.65557 -7.68685e-06
1.66558 -6.62088e-06
1.67559 -5.60378e-06
1.68559 -4.63828e-06
1.6956 -3.726e-06
1.70561 -2.86397e-06
1.71562 -2.04589e-06
1.72563 -1.27471e-06
1.73564 -5.58301e-07
1.74565 1.05432e-07
1.75566 7.22441e-07
1.76566 1.29515e-06
1.77567 1.82495e-06
1.78568 2.31001e-06
1.79569 2.74951e-06
1.8057 3.14636e-06
1.81571 3.50228e-06
1.82572 3.82356e-06
1.83573 4.10952e-06
1.84573 4.3567e-06
1.85574 4.56575e-06
1.86575 4.74026e-06
1.87576 4.87977e-06
1.88577 4.98178e-06
1.89578 5.05012e-06
1.90579 5.08718e-06
1.9158 5.09741e-06
1.9258 5.08079e-06
1.93581 5.0358e-06
1.94582 4.96305e-06
1.95583 4.86e-06
1.96584 4.73015e-06
1.97585 4.58108e-06
1.98586 4.40738e-06
1.99586 4.20977e-06
2.00587 3.99428e-06
2.01588 3.75799e-06
2.02589 3.49839e-06
2.0359 3.22163e-06
2.04591 2.92973e-06
2.05592 2.62031e-06
2.06592 2.29739e-06
2.07593 1.9616e-06
2.08594 1.61261e-06
2.09595 1.24873e-06
2.10596 8.74277e-07
2.11597 4.91853e-07
2.12598 1.0017e-07
2.13598 -3.01189e-07
2.14599 -7.09669e-07
2.156 -1.12965e-06
2.16601 -1.55981e-06
2.17602 -1.99271e-06
2.18603 -2.4339e-06
2.19603 -2.88263e-06
2.20604 -3.33551e-06
2.21605 -3.79423e-06
2.22606 -4.25796e-06
2.23607 -4.72468e-06
2.24608 -5.19254e-06
2.25608 -5.66188e-06
2.26609 -6.13732e-06
2.2761 -6.62001e-06
2.28611 -7.10506e-06
2.29612 -7.59353e-06
2.30613 -8.08669e-06
2.31614 -8.58182e-06
2.32614 -9.07697e-06
2.33615 -9.56881e-06
2.34616 -1.00593e-05
2.35617 -1.05523e-05
2.36618 -1.10465e-05
2.37619 -1.15398e-05
2.38619 -1.20329e-05
2.3962 -1.2525e-05
2.40621 -1.30132e-05
2.41622 -1.34967e-05
2.42623 -1.39786e-05
2.43624 -1.44587e-05
2.44624 -1.4937e-05
2.45625 -1.54156e-05
2.46626 -1.58925e-05
2.47627 -1.63641e-05
2.48628 -1.68291e-05
2.49629 -1.72891e-05
2.50629 -1.77442e-05
2.5163 -1.81957e-05
2.52631 -1.86412e-05
2.53632 -1.9081e-05
2.54633 -1.95157e-05
2.55633 -1.99437e-05
2.56634 -2.03662e-05
2.57635 -2.07836e-05
2.58636 -2.11937e-05
2.59637 -2.15956e-05
2.60638 -2.19921e-05
2.61638 -2.23823e-05
2.62639 -2.27666e-05
2.6364 -2.31443e-05
2.64641 -2.35143e-05
2.65642 -2.38785e-05
2.66643 -2.42353e-05
2.67643 -2.45817e-05
2.68644 -2.49165e-05
2.69645 -2.52418e-05
2.70646 -2.55597e-05
2.71647 -2.58691e-05
2.72648 -2.61692e-05
2.73648 -2.64616e-05
2.74649 -2.67441e-05
2.7565 -2.7016e-05
2.76651 -2.72786e-05
2.77652 -2.75308e-05
2.78653 -2.77739e-05
2.79653 -2.80061e-05
2.80654 -2.82262e-05
2.81655 -2.84358e-05
2.82656 -2.86343e-05
2.83657 -2.88208e-05
2.84657 -2.8997e-05
2.85658 -2.91635e-05
2.86659 -2.93183e-05
2.8766 -2.94649e-05
2.88661 -2.96039e-05
2.89662 -2.97344e-05
2.90662 -2.98588e-05
2.91663 -2.99779e-05
2.92664 -3.00902e-05
2.93665 -3.01944e-05
2.94666 -3.02902e-05
2.95667 -3.03798e-05
2.96667 -3.04645e-05
2.97668 -3.05422e-05
2.98669 -3.06137e-05
2.9967 -3.06798e-05
3.00671 -3.07399e-05
3.01672 -3.07947e-05
3.02672 -3.08434e-05
3.03673 -3.08852e-05
3.04674 -3.09229e-05
3.05675 -3.09567e-05
3.06676 -3.09873e-05
3.07676 -3.10137e-05
3.08677 -3.10336e-05
3.09678 -3.10489e-05
3.10679 -3.10609e-05
3.1168 -3.10682e-05
3.12681 -3.1072e-05
3.13681 -3.10733e-05
3.14682 -3.10703e-05
3.15683 -3.1063e-05
3.16684 -3.10504e-05
3.17685 -3.10354e-05
3.18686 -3.10185e-05
3.19686 -3.09971e-05
3.20687 -3.09719e-05
3.21688 -3.0944e-05
3.22689 -3.0913e-05
3.2369 -3.08783e-05
3.24691 -3.08406e-05
3.25691 -3.08009e-05
3.26692 -3.076e-05
3.27693 -3.07172e-05
3.28694 -3.06711e-05
3.29695 -3.0622e-05
3.30695 -3.05691e-05
3.31696 -3.05118e-05
3.32697 -3.04517e-05
3.33698 -3.03884e-05
3.34699 -3.03232e-05
3.357 -3.02557e-05
3.367 -3.01844e-05
3.37701 -3.01104e-05
3.38702 -3.00344e-05
3.39703 -2.99558e-05
3.40704 -2.9875e-05
3.41705 -2.97901e-05
3.42705 -2.97008e-05
3.43706 -2.96074e-05
3.44707 -2.95113e-05
3.45708 -2.9413e-05
3.46709 -2.93114e-05
3.4771 -2.92077e-05
3.4871 -2.91015e-05
3.49711 -2.89927e-05
3.50712 -2.88809e-05
3.51713 -2.8766e-05
3.52714 -2.86487e-05
3.53715 -2.85293e-05
3.54715 -2.84101e-05
3.55716 -2.82896e-05
3.56717 -2.81667e-05
3.57718 -2.8045e-05
3.58719 -2.79232e-05
3.5972 -2.77997e-05
3.6072 -2.76762e-05
3.61721 -2.75528e-05
3.62722 -2.74303e-05
3.63723 -2.73101e-05
3.64724 -2.71902e-05
3.65724 -2.70717e-05
3.66725 -2.69558e-05
3.67726 -2.68406e-05
3.68727 -2.67247e-05
3.69728 -2.66099e-05
3.70729 -2.64969e-05
3.71729 -2.63845e-05
3.7273 -2.6275e-05
3.73731 -2.6169e-05
3.74732 -2.60648e-05
3.75733 -2.5961e-05
3.76734 -2.58605e-05
3.77734 -2.57634e-05
3.78735 -2.56692e-05
3.79736 -2.55792e-05
3.80737 -2.54913e-05
3.81738 -2.54055e-05
3.82739 -2.53214e-05
3.83739 -2.52391e-05
3.8474 -2.51591e-05
3.85741 -2.50821e-05
3.86742 -2.50076e-05
3.87743 -2.49358e-05
3.88744 -2.48657e-05
3.89744 -2.47961e-05
3.90745 -2.47289e-05
3.91746 -2.4665e-05
3.92747 -2.46028e-05
3.93748 -2.45422e-05
3.94749 -2.44847e-05
3.95749 -2.44286e-05
3.9675 -2.4373e-05
3.97751 -2.43185e-05
3.98752 -2.42663e-05
3.99753 -2.42167e-05
4.00753 -2.41692e-05
4.01754 -2.41239e-05
4.02755 -2.40792e-05
4.03756 -2.40361e-05
4.04757 -2.39943e-05
4.05758 -2.39512e-05
4.06758 -2.39086e-05
4.07759 -2.38674e-05
4.0876 -2.38258e-05
4.09761 -2.37844e-05
4.10762 -2.37431e-05
4.11763 -2.37016e-05
4.12763 -2.36611e-05
4.13764 -2.36216e-05
4.14765 -2.35821e-05
4.15766 -2.35421e-05
4.16767 -2.35026e-05
4.17768 -2.34629e-05
4.18768 -2.34236e-05
4.19769 -2.33852e-05
4.2077 -2.33461e-05
4.21771 -2.3307e-05
4.22772 -2.32677e-05
4.23773 -2.32288e-05
4.24773 -2.31909e-05
4.25774 -2.31532e-05
4.26775 -2.31165e-05
4.27776 -2.30807e-05
4.28777 -2.30459e-05
4.29778 -2.30147e-05
4.30778 -2.29865e-05
4.31779 -2.29599e-05
4.3278 -2.29341e-05
4.33781 -2.29089e-05
4.34782 -2.28878e-05
4.35782 -2.28693e-05
4.36783 -2.28504e-05
4.37784 -2.2833e-05
4.38785 -2.2818e-05
4.39786 -2.28063e-05
4.40787 -2.27974e-05
4.41787 -2.27896e-05
4.42788 -2.27837e-05
4.43789 -2.2781e-05
4.4479 -2.27798e-05
4.45791 -2.27809e-05
4.46792 -2.27871e-05
4.47792 -2.27964e-05
4.48793 -2.28075e-05
4.49794 -2.28209e-05
4.50795 -2.28355e-05
4.51796 -2.28515e-05
4.52797 -2.28701e-05
4.53797 -2.289e-05
4.54798 -2.29106e-05
4.55799 -2.29325e-05
4.568 -2.29568e-05
4.57801 -2.29826e-05
4.58802 -2.30094e-05
4.59802 -2.30384e-05
4.60803 -2.30678e-05
4.61804 -2.30978e-05
4.62805 -2.31297e-05
4.63806 -2.31615e-05
4.64806 -2.31917e-05
4.65807 -2.32229e-05
4.66808 -2.32569e-05
4.67809 -2.32915e-05
4.6881 -2.33251e-05
4.69811 -2.33584e-05
4.70811 -2.33913e-05
4.71812 -2.34238e-05
4.72813 -2.3456e-05
4.73814 -2.34889e-05
4.74815 -2.35208e-05
4.75816 -2.35506e-05
4.76816 -2.35813e-05
4.77817 -2.36135e-05
4.78818 -2.36451e-05
4.79819 -2.36749e-05
4.8082 -2.3704e-05
4.8182 -2.37314e-05
4.82821 -2.37561e-05
4.83822 -2.37788e-05
4.84823 -2.37996e-05
4.85824 -2.38192e-05
4.86825 -2.38389e-05
4.87825 -2.38585e-05
4.88826 -2.38771e-05
4.89827 -2.38955e-05
4.90828 -2.39139e-05
4.91829 -2.39327e-05
4.9283 -2.39511e-05
4.9383 -2.39685e-05
4.94831 -2.39864e-05
4.95832 -2.40035e-05
4.96833 -2.40193e-05
4.97834 -2.40357e-05
4.98835 -2.4053e-05
4.99835 -2.40713e-05
5.00836 -2.40905e-05
5.01837 -2.41091e-05
5.02838 -2.41279e-05
5.03839 -2.41478e-05
5.04839 -2.41689e-05
5.0584 -2.41913e-05
5.06841 -2.42147e-05
5.07842 -2.42398e-05
5.08843 -2.42652e-05
5.09844 -2.429e-05
5.10844 -2.43147e-05
5.11845 -2.43401e-05
5.12846 -2.43657e-05
5.13847 -2.43904e-05
5.14848 -2.44158e-05
5.15849 -2.44419e-05
5.16849 -2.44686e-05
5.1785 -2.44969e-05
5.18851 -2.45265e-05
5.19852 -2.45579e-05
5.20853 -2.45904e-05
5.21853 -2.46234e-05
5.22854 -2.46566e-05
5.23855 -2.46896e-05
5.24856 -2.47236e-05
5.25857 -2.47591e-05
5.26858 -2.47941e-05
5.27858 -2.48275e-05
5.28859 -2.48607e-05
5.2986 -2.48963e-05
5.30861 -2.49316e-05
5.31862 -2.49645e-05
5.32863 -2.49967e-05
5.33863 -2.5028e-05
5.34864 -2.50594e-05
5.35865 -2.50909e-05
5.36866 -2.5121e-05
5.37867 -2.51499e-05
5.38867 -2.5177e-05
5.39868 -2.52022e-05
5.40869 -2.52254e-05
5.4187 -2.5248e-05
5.42871 -2.52717e-05
5.43872 -2.52948e-05
5.44872 -2.53153e-05
5.45873 -2.53335e-05
5.46874 -2.5351e-05
5.47875 -2.53672e-05
5.48876 -2.53815e-05
5.49877 -2.53947e-05
5.50877 -2.54071e-05
5.51878 -2.54193e-05
5.52879 -2.543e-05
5.5388 -2.54391e-05
5.54881 -2.54477e-05
5.55882 -2.54553e-05
5.56882 -2.54607e-05
5.57883 -2.54641e-05
5.58884 -2.54671e-05
5.59885 -2.54692e-05
5.60886 -2.547e-05
5.61886 -2.54705e-05
5.62887 -2.54705e-05
5.63888 -2.54699e-05
5.64889 -2.54692e-05
5.6589 -2.54678e-05
5.66891 -2.54661e-05
5.67891 -2.54651e-05
5.68892 -2.54636e-05
5.69893 -2.54616e-05
5.70894 -2.54609e-05
5.71895 -2.54613e-05
5.72895 -2.54624e-05
5.73896 -2.5464e-05
5.74897 -2.54664e-05
5.75898 -2.5468e-05
5.76899 -2.54684e-05
5.779 -2.54696e-05
5.789 -2.54719e-05
5.79901 -2.54756e-05
5.80902 -2.54813e-05
5.81903 -2.54879e-05
5.82904 -2.54947e-05
5.83905 -2.55021e-05
5.84905 -2.55107e-05
5.85906 -2.55205e-05
5.86907 -2.55302e-05
5.87908 -2.55415e-05
5.88909 -2.55544e-05
5.8991 -2.55676e-05
5.9091 -2.55809e-05
5.91911 -2.55944e-05
5.92912 -2.56067e-05
5.93913 -2.56191e-05
5.94914 -2.56332e-05
5.95914 -2.5647e-05
5.96915 -2.56596e-05
5.97916 -2.56721e-05
5.98917 -2.56863e-05
5.99918 -2.57002e-05
6.00919 -2.57119e-05
6.01919 -2.57224e-05
6.0292 -2.57328e-05
6.03921 -2.57431e-05
6.04922 -2.5753e-05
6.05923 -2.57618e-05
6.06923 -2.57691e-05
6.07924 -2.57753e-05
6.08925 -2.57803e-05
6.09926 -2.57847e-05
6.10927 -2.57878e-05
6.11928 -2.57899e-05
6.12928 -2.57909e-05
6.13929 -2.57901e-05
6.1493 -2.5788e-05
6.15931 -2.57849e-05
6.16932 -2.57813e-05
6.17933 -2.57771e-05
6.18933 -2.57712e-05
6.19934 -2.57635e-05
6.20935 -2.57558e-05
6.21936 -2.57482e-05
6.22937 -2.5738e-05
6.23937 -2.57252e-05
6.24938 -2.57125e-05
6.25939 -2.57005e-05
6.2694 -2.56872e-05
6.27941 -2.56725e-05
6.28942 -2.56582e-05
6.29942 -2.56444e-05
6.30943 -2.56291e-05
6.31944 -2.56143e-05
6.32945 -2.56e-05
6.33946 -2.55835e-05
6.34947 -2.5566e-05
6.35947 -2.55493e-05
6.36948 -2.55338e-05
6.37949 -2.55174e-05
6.3895 -2.55003e-05
6.39951 -2.54826e-05
6.40951 -2.54634e-05
6.41952 -2.54447e-05
6.42953 -2.5428e-05
6.43954 -2.54113e-05
6.44955 -2.53947e-05
6.45956 -2.5379e-05
6.46956 -2.53639e-05
6.47957 -2.53493e-05
6.48958 -2.53345e-05
6.49959 -2.53206e-05
6.5096 -2.531e-05
6.51961 -2.53016e-05
6.52961 -2.5293e-05
6.53962 -2.52854e-05
6.54963 -2.5279e-05
6.55964 -2.52718e-05
6.56965 -2.5265e-05
6.57965 -2.52603e-05
6.58966 -2.52577e-05
6.59967 -2.52567e-05
6.60968 -2.52564e-05
6.61969 -2.52576e-05
6.6297 -2.52616e-05
6.6397 -2.52662e-05
6.64971 -2.52694e-05
6.65972 -2.52718e-05
6.66973 -2.52751e-05
6.67974 -2.52796e-05
6.68974 -2.52846e-05
6.69975 -2.52907e-05
6.70976 -2.52969e-05
6.71977 -2.53021e-05
6.72978 -2.53072e-05
6.73979 -2.53127e-05
6.74979 -2.53185e-05
6.7598 -2.53244e-05
6.76981 -2.53301e-05
6.77982 -2.53359e-05
6.78983 -2.53416e-05
6.79984 -2.53462e-05
6.80984 -2.53509e-05
6.81985 -2.53561e-05
6.82986 -2.53613e-05
6.83987 -2.53665e-05
6.84988 -2.53712e-05
6.85988 -2.53758e-05
6.86989 -2.53799e-05
6.8799 -2.53845e-05
6.88991 -2.539e-05
6.89992 -2.53956e-05
6.90993 -2.54003e-05
6.91993 -2.54042e-05
6.92994 -2.54074e-05
6.93995 -2.54091e-05
6.94996 -2.54107e-05
6.95997 -2.54121e-05
6.96998 -2.54135e-05
6.97998 -2.54147e-05
6.98999 -2.54144e-05
7 -2.54138e-05
