-0.00633597 0.00130472
0.00366376 0.00123679
0.0136631 0.00116998
0.0236623 0.00110479
0.0336615 0.00104144
0.0436607 0.000980001
0.0536599 0.000920433
0.0636592 0.000862821
0.0736584 0.000807209
0.0836577 0.000753596
0.093657 0.000702046
0.103656 0.000652531
0.113656 0.000605
0.123656 0.000559465
0.133656 0.000515873
0.143656 0.000474128
0.153656 0.000434139
0.163656 0.000395833
0.173657 0.000359177
0.183658 0.000324045
0.193659 0.00029039
0.203661 0.000258142
0.213662 0.000227213
0.223664 0.000197596
0.233666 0.000169192
0.243668 0.000141925
0.253671 0.000115745
0.263673 9.06002e-05
0.273676 6.64728e-05
0.283679 4.33731e-05
0.293682 2.12196e-05
0.303685 -7.67868e-09
0.313688 -2.0318e-05
0.323691 -3.9746e-05
0.333695 -5.83066e-05
0.343698 -7.60082e-05
0.353702 -9.28892e-05
0.363706 -0.000108967
0.37371 -0.00012424
0.383714 -0.000138748
0.393718 -0.000152519
0.403722 -0.000165556
0.413726 -0.000177853
0.423731 -0.000189441
0.433735 -0.000200355
0.44374 -0.000210587
0.453745 -0.000220132
0.46375 -0.000229051
0.473755 -0.000237365
0.48376 -0.000245075
0.493765 -0.000252215
0.503771 -0.000258778
0.513776 -0.000264791
0.523782 -0.000270295
0.533788 -0.000275281
0.543794 -0.000279772
0.5538 -0.000283794
0.563806 -0.000287371
0.573812 -0.000290501
0.583818 -0.000293181
0.593825 -0.000295466
0.603832 -0.000297362
0.613838 -0.000298853
0.623845 -0.000299974
0.633852 -0.000300761
0.643859 -0.000301204
0.653866 -0.000301311
0.663873 -0.000301117
0.673881 -0.000300622
0.683888 -0.000299831
0.693896 -0.000298766
0.703903 -0.000297462
0.713911 -0.000295922
0.723919 -0.000294142
0.733927 -0.000292135
0.743935 -0.000289924
0.753943 -0.000287516
0.763951 -0.00028491
0.77396 -0.000282124
0.783968 -0.000279174
0.793976 -0.000276074
0.803985 -0.000272824
0.813994 -0.00026944
0.824002 -0.000265931
0.834011 -0.000262304
0.84402 -0.000258561
0.854029 -0.000254712
0.864038 -0.000250771
0.874047 -0.000246748
0.884056 -0.000242638
0.894065 -0.000238463
0.904074 -0.000234237
0.914083 -0.000229947
0.924093 -0.000225606
0.934102 -0.000221227
0.944111 -0.000216802
0.954121 -0.000212336
0.96413 -0.000207846
0.97414 -0.000203333
0.984149 -0.000198808
0.994159 -0.000194281
1.00417 -0.000189752
1.01418 -0.00018522
1.02419 -0.000180686
1.0342 -0.000176167
1.04421 -0.000171673
1.05422 -0.000167196
1.06423 -0.00016274
1.07424 -0.000158306
1.08425 -0.000153901
1.09426 -0.000149528
1.10427 -0.000145183
1.11428 -0.000140879
1.12429 -0.000136625
1.1343 -0.000132418
1.14431 -0.000128255
1.15432 -0.000124138
1.16433 -0.000120073
1.17434 -0.000116063
1.18435 -0.000112112
1.19436 -0.000108219
1.20437 -0.000104385
1.21438 -0.000100614
1.22439 -9.69045e-05
1.2344 -9.32574e-05
1.24441 -8.96763e-05
1.25442 -8.61646e-05
1.26443 -8.27237e-05
1.27444 -7.93528e-05
1.28445 -7.60481e-05
1.29446 -7.28082e-05
1.30447 -6.96335e-05
1.31448 -6.65312e-05
1.32449 -6.35024e-05
1.3345 -6.05413e-05
1.34451 -5.76424e-05
1.35452 -5.48127e-05
1.36454 -5.20583e-05
1.37455 -4.93814e-05
1.38456 -4.67763e-05
1.39457 -4.42407e-05
1.40458 -4.17784e-05
1.41459 -3.93839e-05
1.4246 -3.70595e-05
1.43461 -3.4802e-05
1.44462 -3.26074e-05
1.45463 -3.0482e-05
1.46464 -2.84293e-05
1.47465 -2.64498e-05
1.48466 -2.4538e-05
1.49467 -2.26906e-05
1.50468 -2.09103e-05
1.51469 -1.91966e-05
1.5247 -1.75503e-05
1.53471 -1.59683e-05
1.54472 -1.44529e-05
1.55473 -1.29999e-05
1.56474 -1.16013e-05
1.57475 -1.02678e-05
1.58476 -9.00234e-06
1.59477 -7.79934e-06
1.60478 -6.65932e-06
1.61479 -5.57786e-06
1.6248 -4.55169e-06
1.63482 -3.57977e-06
1.64483 -2.66895e-06
1.65484 -1.8221e-06
1.66485 -1.02937e-06
1.67486 -2.87709e-07
1.68487 4.0044e-07
1.69488 1.03369e-06
1.70489 1.6153e-06
1.7149 2.15185e-06
1.72491 2.64074e-06
1.73492 3.07434e-06
1.74493 3.45499e-06
1.75494 3.78889e-06
1.76495 4.07869e-06
1.77496 4.326e-06
1.78497 4.52924e-06
1.79498 4.68785e-06
1.80499 4.80497e-06
1.815 4.88251e-06
1.82501 4.92699e-06
1.83502 4.93792e-06
1.84503 4.91204e-06
1.85504 4.85022e-06
1.86505 4.75622e-06
1.87506 4.62972e-06
1.88507 4.46836e-06
1.89508 4.27616e-06
1.90509 4.05568e-06
1.9151 3.8115e-06
1.92511 3.54373e-06
1.93512 3.25101e-06
1.94513 2.93409e-06
1.95514 2.59056e-06
1.96515 2.22401e-06
1.97516 1.84214e-06
1.98517 1.43959e-06
1.99518 1.0172e-06
2.00519 5.81142e-07
2.0152 1.28581e-07
2.02521 -3.42965e-07
2.03522 -8.27242e-07
2.04523 -1.32213e-06
2.05524 -1.82993e-06
2.06525 -2.34662e-06
2.07526 -2.87156e-06
2.08527 -3.40503e-06
2.09528 -3.9486e-06
2.10529 -4.4979e-06
2.1153 -5.05032e-06
2.12531 -5.60711e-06
2.13532 -6.16869e-06
2.14533 -6.73249e-06
2.15534 -7.30284e-06
2.16535 -7.87844e-06
2.17536 -8.45189e-06
2.18537 -9.02871e-06
2.19538 -9.6081e-06
2.20539 -1.01867e-05
2.2154 -1.07663e-05
2.2254 -1.1346e-05
2.23541 -1.19239e-05
2.24542 -1.2498e-05
2.25543 -1.30688e-05
2.26544 -1.36409e-05
2.27545 -1.42155e-05
2.28546 -1.47877e-05
2.29547 -1.53587e-05
2.30548 -1.59298e-05
2.31549 -1.64982e-05
2.3255 -1.70621e-05
2.33551 -1.76183e-05
2.34552 -1.81688e-05
2.35553 -1.87173e-05
2.36554 -1.92627e-05
2.37555 -1.9803e-05
2.38556 -2.03388e-05
2.39557 -2.08696e-05
2.40558 -2.13925e-05
2.41559 -2.19066e-05
2.4256 -2.24152e-05
2.43561 -2.29181e-05
2.44562 -2.34155e-05
2.45563 -2.39095e-05
2.46564 -2.43981e-05
2.47565 -2.48779e-05
2.48566 -2.53476e-05
2.49567 -2.58089e-05
2.50568 -2.62621e-05
2.51569 -2.67084e-05
2.5257 -2.71455e-05
2.53571 -2.75739e-05
2.54572 -2.79942e-05
2.55572 -2.84049e-05
2.56573 -2.88073e-05
2.57574 -2.9202e-05
2.58575 -2.95865e-05
2.59576 -2.99605e-05
2.60577 -3.03265e-05
2.61578 -3.06839e-05
2.62579 -3.10331e-05
2.6358 -3.13735e-05
2.64581 -3.1704e-05
2.65582 -3.20267e-05
2.66583 -3.23399e-05
2.67584 -3.26409e-05
2.68585 -3.29286e-05
2.69586 -3.32051e-05
2.70587 -3.34726e-05
2.71588 -3.37299e-05
2.72589 -3.39767e-05
2.7359 -3.42142e-05
2.74591 -3.44406e-05
2.75592 -3.46551e-05
2.76593 -3.48592e-05
2.77594 -3.50518e-05
2.78595 -3.52343e-05
2.79596 -3.5405e-05
2.80597 -3.55629e-05
2.81598 -3.57093e-05
2.82598 -3.5844e-05
2.83599 -3.59659e-05
2.846 -3.60771e-05
2.85601 -3.61781e-05
2.86602 -3.62668e-05
2.87603 -3.63471e-05
2.88604 -3.64195e-05
2.89605 -3.6483e-05
2.90606 -3.65404e-05
2.91607 -3.65923e-05
2.92608 -3.66373e-05
2.93609 -3.66741e-05
2.9461 -3.67026e-05
2.95611 -3.6725e-05
2.96612 -3.67426e-05
2.97613 -3.67535e-05
2.98614 -3.67585e-05
2.99615 -3.67583e-05
3.00616 -3.67524e-05
3.01617 -3.67418e-05
3.02618 -3.67254e-05
3.03619 -3.67026e-05
3.0462 -3.66763e-05
3.05621 -3.66465e-05
3.06622 -3.66141e-05
3.07623 -3.65783e-05
3.08624 -3.65366e-05
3.09624 -3.64911e-05
3.10625 -3.64429e-05
3.11626 -3.63907e-05
3.12627 -3.6336e-05
3.13628 -3.62796e-05
3.14629 -3.62198e-05
3.1563 -3.61565e-05
3.16631 -3.60889e-05
3.17632 -3.60198e-05
3.18633 -3.59498e-05
3.19634 -3.58763e-05
3.20635 -3.58e-05
3.21636 -3.5722e-05
3.22637 -3.56421e-05
3.23638 -3.55595e-05
3.24639 -3.54749e-05
3.2564 -3.53894e-05
3.26641 -3.53038e-05
3.27642 -3.52174e-05
3.28643 -3.51288e-05
3.29644 -3.50385e-05
3.30645 -3.49455e-05
3.31646 -3.48493e-05
3.32647 -3.47515e-05
3.33648 -3.46517e-05
3.34649 -3.45511e-05
3.3565 -3.44493e-05
3.36651 -3.43449e-05
3.37652 -3.4239e-05
3.38652 -3.41323e-05
3.39653 -3.40243e-05
3.40654 -3.39151e-05
3.41655 -3.38032e-05
3.42656 -3.3688e-05
3.43657 -3.35699e-05
3.44658 -3.34503e-05
3.45659 -3.33296e-05
3.4666 -3.32067e-05
3.47661 -3.3083e-05
3.48662 -3.29579e-05
3.49663 -3.28313e-05
3.50664 -3.27029e-05
3.51665 -3.25724e-05
3.52666 -3.24406e-05
3.53667 -3.23079e-05
3.54668 -3.21764e-05
3.55669 -3.20447e-05
3.5667 -3.19116e-05
3.57671 -3.17807e-05
3.58672 -3.16507e-05
3.59673 -3.15201e-05
3.60674 -3.13905e-05
3.61675 -3.1262e-05
3.62676 -3.11353e-05
3.63677 -3.10119e-05
3.64678 -3.08896e-05
3.65679 -3.07696e-05
3.6668 -3.06531e-05
3.67681 -3.05382e-05
3.68681 -3.04233e-05
3.69682 -3.03105e-05
3.70683 -3.02003e-05
3.71684 -3.00913e-05
3.72685 -2.99862e-05
3.73686 -2.98852e-05
3.74687 -2.97868e-05
3.75688 -2.96895e-05
3.76689 -2.95961e-05
3.7769 -2.95067e-05
3.78691 -2.94209e-05
3.79692 -2.93399e-05
3.80693 -2.92617e-05
3.81694 -2.91859e-05
3.82695 -2.91126e-05
3.83696 -2.90416e-05
3.84697 -2.89736e-05
3.85698 -2.89089e-05
3.86699 -2.88472e-05
3.877 -2.87887e-05
3.88701 -2.87323e-05
3.89702 -2.86769e-05
3.90703 -2.86243e-05
3.91704 -2.85752e-05
3.92705 -2.85283e-05
3.93706 -2.84833e-05
3.94707 -2.84416e-05
3.95708 -2.84017e-05
3.96709 -2.83626e-05
3.9771 -2.83248e-05
3.9871 -2.82896e-05
3.99711 -2.82573e-05
4.00712 -2.82271e-05
4.01713 -2.81995e-05
4.02714 -2.81726e-05
4.03715 -2.81474e-05
4.04716 -2.81237e-05
4.05717 -2.80987e-05
4.06718 -2.80745e-05
4.07719 -2.80516e-05
4.0872 -2.80284e-05
4.09721 -2.80055e-05
4.10722 -2.79827e-05
4.11723 -2.79597e-05
4.12724 -2.79377e-05
4.13725 -2.79167e-05
4.14726 -2.78957e-05
4.15727 -2.78741e-05
4.16728 -2.78529e-05
4.17729 -2.78315e-05
4.1873 -2.78105e-05
4.19731 -2.77903e-05
4.20732 -2.77692e-05
4.21733 -2.7748e-05
4.22734 -2.77264e-05
4.23735 -2.7705e-05
4.24736 -2.76844e-05
4.25737 -2.76637e-05
4.26738 -2.76439e-05
4.27738 -2.76248e-05
4.28739 -2.76066e-05
4.2974 -2.75917e-05
4.30741 -2.75795e-05
4.31742 -2.75687e-05
4.32743 -2.75586e-05
4.33744 -2.75485e-05
4.34745 -2.75423e-05
4.35746 -2.75383e-05
4.36747 -2.75336e-05
4.37748 -2.75301e-05
4.38749 -2.75288e-05
4.3975 -2.75304e-05
4.40751 -2.75346e-05
4.41752 -2.75393e-05
4.42753 -2.75456e-05
4.43754 -2.75548e-05
4.44755 -2.7565e-05
4.45756 -2.75772e-05
4.46757 -2.75941e-05
4.47758 -2.76137e-05
4.48759 -2.76347e-05
4.4976 -2.76576e-05
4.50761 -2.76814e-05
4.51762 -2.77062e-05
4.52763 -2.77332e-05
4.53764 -2.77609e-05
4.54765 -2.77889e-05
4.55765 -2.78178e-05
4.56766 -2.78487e-05
4.57767 -2.78808e-05
4.58768 -2.79134e-05
4.59769 -2.79478e-05
4.6077 -2.79822e-05
4.61771 -2.80169e-05
4.62772 -2.80529e-05
4.63773 -2.80883e-05
4.64774 -2.81218e-05
4.65775 -2.81558e-05
4.66776 -2.81922e-05
4.67777 -2.82288e-05
4.68778 -2.8264e-05
4.69779 -2.82985e-05
4.7078 -2.83322e-05
4.71781 -2.8365e-05
4.72782 -2.83971e-05
4.73783 -2.84295e-05
4.74784 -2.84606e-05
4.75785 -2.84891e-05
4.76786 -2.85181e-05
4.77787 -2.85483e-05
4.78788 -2.85774e-05
4.79789 -2.86043e-05
4.8079 -2.86301e-05
4.81791 -2.86539e-05
4.82791 -2.86746e-05
4.83792 -2.86929e-05
4.84793 -2.87089e-05
4.85794 -2.87234e-05
4.86795 -2.87377e-05
4.87796 -2.87515e-05
4.88797 -2.8764e-05
4.89798 -2.87759e-05
4.90799 -2.87875e-05
4.918 -2.87991e-05
4.92801 -2.88099e-05
4.93802 -2.88194e-05
4.94803 -2.88292e-05
4.95804 -2.88378e-05
4.96805 -2.88448e-05
4.97806 -2.8852e-05
4.98807 -2.88599e-05
4.99808 -2.88684e-05
5.00809 -2.88776e-05
5.0181 -2.88859e-05
5.02811 -2.88941e-05
5.03812 -2.89031e-05
5.04813 -2.89131e-05
5.05814 -2.8924e-05
5.06815 -2.89358e-05
5.07816 -2.89488e-05
5.08816 -2.8962e-05
5.09817 -2.89744e-05
5.10818 -2.89864e-05
5.11819 -2.8999e-05
5.1282 -2.90116e-05
5.13821 -2.90229e-05
5.14822 -2.90348e-05
5.15823 -2.90471e-05
5.16824 -2.90599e-05
5.17825 -2.90741e-05
5.18826 -2.90895e-05
5.19827 -2.91064e-05
5.20828 -2.91243e-05
5.21829 -2.91424e-05
5.2283 -2.91606e-05
5.23831 -2.91784e-05
5.24832 -2.91972e-05
5.25833 -2.92172e-05
5.26834 -2.92366e-05
5.27835 -2.92543e-05
5.28836 -2.92718e-05
5.29837 -2.92915e-05
5.30838 -2.93108e-05
5.31839 -2.93276e-05
5.3284 -2.93436e-05
5.33841 -2.93588e-05
5.34841 -2.93739e-05
5.35842 -2.9389e-05
5.36843 -2.94027e-05
5.37844 -2.94152e-05
5.38845 -2.94257e-05
5.39846 -2.94343e-05
5.40847 -2.94408e-05
5.41848 -2.94466e-05
5.42849 -2.94537e-05
5.4385 -2.946e-05
5.44851 -2.94639e-05
5.45852 -2.94654e-05
5.46853 -2.94662e-05
5.47854 -2.94658e-05
5.48855 -2.94634e-05
5.49856 -2.94599e-05
5.50857 -2.94555e-05
5.51858 -2.9451e-05
5.52859 -2.9445e-05
5.5386 -2.94374e-05
5.54861 -2.94294e-05
5.55862 -2.94205e-05
5.56863 -2.94094e-05
5.57864 -2.93964e-05
5.58865 -2.93831e-05
5.59866 -2.93688e-05
5.60866 -2.93533e-05
5.61867 -2.93375e-05
5.62868 -2.93215e-05
5.63869 -2.93048e-05
5.6487 -2.92881e-05
5.65871 -2.92708e-05
5.66872 -2.92533e-05
5.67873 -2.92366e-05
5.68874 -2.92194e-05
5.69875 -2.92018e-05
5.70876 -2.91855e-05
5.71877 -2.91705e-05
5.72878 -2.91563e-05
5.73879 -2.91428e-05
5.7488 -2.913e-05
5.75881 -2.91167e-05
5.76882 -2.91021e-05
5.77883 -2.90885e-05
5.78884 -2.90762e-05
5.79885 -2.90652e-05
5.80886 -2.90564e-05
5.81887 -2.90487e-05
5.82888 -2.90414e-05
5.83889 -2.90346e-05
5.8489 -2.90294e-05
5.85891 -2.90253e-05
5.86891 -2.90213e-05
5.87892 -2.90191e-05
5.88893 -2.90185e-05
5.89894 -2.90184e-05
5.90895 -2.90185e-05
5.91896 -2.90189e-05
5.92897 -2.90182e-05
5.93898 -2.90179e-05
5.94899 -2.90193e-05
5.959 -2.90207e-05
5.96901 -2.90211e-05
5.97902 -2.90214e-05
5.98903 -2.90236e-05
5.99904 -2.90256e-05
6.00905 -2.90255e-05
6.01906 -2.90245e-05
6.02907 -2.90235e-05
6.03908 -2.90225e-05
6.04909 -2.90213e-05
6.0591 -2.90191e-05
6.06911 -2.90156e-05
6.07912 -2.90113e-05
6.08913 -2.90058e-05
6.09914 -2.9e-05
6.10915 -2.89929e-05
6.11915 -2.8985e-05
6.12916 -2.89763e-05
6.13917 -2.89658e-05
6.14918 -2.89542e-05
6.15919 -2.89418e-05
6.1692 -2.8929e-05
6.17921 -2.89157e-05
6.18922 -2.89009e-05
6.19923 -2.88844e-05
6.20924 -2.88682e-05
6.21925 -2.88522e-05
6.22926 -2.88337e-05
6.23927 -2.88129e-05
6.24928 -2.87924e-05
6.25929 -2.87726e-05
6.2693 -2.87517e-05
6.27931 -2.87295e-05
6.28932 -2.87078e-05
6.29933 -2.86868e-05
6.30934 -2.86644e-05
6.31935 -2.86427e-05
6.32936 -2.86215e-05
6.33937 -2.85984e-05
6.34938 -2.85744e-05
6.35939 -2.85514e-05
6.3694 -2.85297e-05
6.3794 -2.85072e-05
6.38941 -2.84842e-05
6.39942 -2.84607e-05
6.40943 -2.84357e-05
6.41944 -2.84115e-05
6.42945 -2.83892e-05
6.43946 -2.83673e-05
6.44947 -2.83456e-05
6.45948 -2.83248e-05
6.46949 -2.83046e-05
6.4795 -2.82851e-05
6.48951 -2.82655e-05
6.49952 -2.8247e-05
6.50953 -2.82318e-05
6.51954 -2.8219e-05
6.52955 -2.82062e-05
6.53956 -2.81943e-05
6.54957 -2.81838e-05
6.55958 -2.81726e-05
6.56959 -2.81619e-05
6.5796 -2.81535e-05
6.58961 -2.81471e-05
6.59962 -2.81423e-05
6.60963 -2.81385e-05
6.61964 -2.81361e-05
6.62964 -2.81367e-05
6.63965 -2.81381e-05
6.64966 -2.8138e-05
6.65967 -2.81374e-05
6.66968 -2.81378e-05
6.67969 -2.81394e-05
6.6897 -2.81417e-05
6.69971 -2.81451e-05
6.70972 -2.81486e-05
6.71973 -2.81513e-05
6.72974 -2.81538e-05
6.73975 -2.81571e-05
6.74976 -2.81606e-05
6.75977 -2.81644e-05
6.76978 -2.81679e-05
6.77979 -2.81718e-05
6.7898 -2.81756e-05
6.79981 -2.81782e-05
6.80982 -2.81812e-05
6.81983 -2.81848e-05
6.82984 -2.81884e-05
6.83985 -2.8192e-05
6.84986 -2.81953e-05
6.85987 -2.81986e-05
6.86987 -2.82014e-05
6.87988 -2.82049e-05
6.88989 -2.82093e-05
6.8999 -2.8214e-05
6.90991 -2.82179e-05
6.91992 -2.8221e-05
6.92993 -2.82234e-05
6.93994 -2.82245e-05
6.94995 -2.82256e-05
6.95996 -2.82266e-05
6.96997 -2.82278e-05
6.97998 -2.82288e-05
6.98999 -2.82283e-05
7 -2.82277e-05
