-0.0190962 0.00238319
-0.0090979 0.00222115
0.000899316 0.00206224
0.010896 0.00190817
0.0208926 0.00175956
0.0308898 0.00161606
0.040887 0.00147718
0.050884 0.00134344
0.0608807 0.00121563
0.0708775 0.00109407
0.0808746 0.000978873
0.090872 0.000869984
0.10087 0.00076727
0.110868 0.000670625
0.120867 0.000579835
0.130867 0.000494611
0.140867 0.000414649
0.150869 0.000339656
0.160871 0.000269381
0.170875 0.000203489
0.180879 0.000141733
0.190884 8.38584e-05
0.20089 2.96054e-05
0.210896 -2.11932e-05
0.220904 -6.87803e-05
0.230912 -0.000113365
0.240921 -0.000155119
0.25093 -0.000194201
0.26094 -0.00023073
0.270951 -0.000264784
0.280962 -0.000296525
0.290974 -0.000326049
0.300986 -0.000353432
0.310999 -0.000378771
0.321012 -0.000402138
0.331026 -0.000423597
0.34104 -0.000443237
0.351054 -0.000461124
0.361069 -0.000477305
0.371085 -0.000491864
0.381101 -0.000504875
0.391117 -0.000516382
0.401134 -0.000526424
0.411151 -0.000535074
0.421169 -0.00054241
0.431187 -0.000548461
0.441205 -0.000553266
0.451224 -0.000556924
0.461244 -0.000559493
0.471263 -0.000561015
0.481284 -0.000561558
0.491304 -0.00056115
0.501325 -0.000559856
0.511347 -0.000557747
0.521368 -0.000554849
0.531391 -0.000551216
0.541413 -0.000546903
0.551436 -0.000541963
0.561459 -0.000536422
0.571483 -0.000530305
0.581507 -0.000523693
0.591531 -0.000516613
0.601556 -0.000509076
0.61158 -0.000501137
0.621606 -0.000492853
0.631631 -0.000484235
0.641657 -0.000475308
0.651683 -0.000466128
0.661709 -0.000456709
0.671735 -0.000447072
0.681762 -0.000437257
0.691789 -0.000427309
0.701816 -0.000417247
0.711844 -0.000407077
0.721872 -0.000396825
0.731899 -0.000386525
0.741927 -0.000376191
0.751956 -0.000365834
0.761984 -0.000355478
0.772013 -0.000345149
0.782041 -0.000334867
0.79207 -0.000324638
0.802099 -0.000314482
0.812128 -0.000304415
0.822158 -0.000294447
0.832187 -0.000284584
0.842217 -0.00027484
0.852246 -0.000265231
0.862276 -0.000255769
0.872306 -0.000246451
0.882336 -0.0002373
0.892366 -0.000228332
0.902396 -0.000219532
0.912426 -0.000210914
0.922456 -0.000202491
0.932486 -0.000194254
0.942517 -0.000186206
0.952547 -0.000178363
0.962578 -0.000170726
0.972608 -0.0001633
0.982638 -0.000156094
0.992669 -0.000149107
1.0027 -0.000142333
1.01273 -0.000135771
1.02276 -0.000129434
1.03279 -0.000123328
1.04282 -0.000117443
1.05285 -0.000111776
1.06288 -0.000106326
1.07291 -0.000101095
1.08294 -9.60817e-05
1.09298 -9.1277e-05
1.10301 -8.66884e-05
1.11304 -8.23218e-05
1.12307 -7.8168e-05
1.1331 -7.42186e-05
1.14313 -7.04715e-05
1.15316 -6.69263e-05
1.16319 -6.3582e-05
1.17322 -6.04369e-05
1.18325 -5.74836e-05
1.19328 -5.4719e-05
1.20331 -5.21409e-05
1.21334 -4.97426e-05
1.22337 -4.75199e-05
1.2334 -4.54707e-05
1.24343 -4.35931e-05
1.25346 -4.1883e-05
1.26349 -4.03342e-05
1.27353 -3.89377e-05
1.28356 -3.76869e-05
1.29359 -3.65771e-05
1.30362 -3.56102e-05
1.31365 -3.4782e-05
1.32368 -3.40819e-05
1.33371 -3.34995e-05
1.34374 -3.30368e-05
1.35377 -3.26952e-05
1.3638 -3.24719e-05
1.37383 -3.23569e-05
1.38386 -3.23433e-05
1.39389 -3.24303e-05
1.40392 -3.26084e-05
1.41395 -3.28756e-05
1.42398 -3.32245e-05
1.43401 -3.36469e-05
1.44404 -3.41453e-05
1.45406 -3.47194e-05
1.46409 -3.5366e-05
1.47412 -3.6076e-05
1.48415 -3.68428e-05
1.49418 -3.76656e-05
1.50421 -3.85409e-05
1.51424 -3.94663e-05
1.52427 -4.04357e-05
1.5343 -4.14485e-05
1.54433 -4.2498e-05
1.55436 -4.35734e-05
1.56439 -4.46829e-05
1.57442 -4.58271e-05
1.58445 -4.69981e-05
1.59448 -4.81943e-05
1.60451 -4.94091e-05
1.61454 -5.06375e-05
1.62456 -5.18766e-05
1.63459 -5.31316e-05
1.64462 -5.44037e-05
1.65465 -5.56818e-05
1.66468 -5.69614e-05
1.67471 -5.82437e-05
1.68474 -5.9529e-05
1.69477 -6.08131e-05
1.7048 -6.20883e-05
1.71483 -6.33564e-05
1.72485 -6.46243e-05
1.73488 -6.58891e-05
1.74491 -6.71439e-05
1.75494 -6.83858e-05
1.76497 -6.96127e-05
1.775 -7.0826e-05
1.78503 -7.20259e-05
1.79506 -7.32091e-05
1.80509 -7.43741e-05
1.81511 -7.55142e-05
1.82514 -7.66299e-05
1.83517 -7.77246e-05
1.8452 -7.87979e-05
1.85523 -7.98462e-05
1.86526 -8.08704e-05
1.87529 -8.18733e-05
1.88532 -8.28512e-05
1.89534 -8.38023e-05
1.90537 -8.47225e-05
1.9154 -8.56125e-05
1.92543 -8.64745e-05
1.93546 -8.73083e-05
1.94549 -8.81173e-05
1.95552 -8.88984e-05
1.96555 -8.9645e-05
1.97557 -9.03634e-05
1.9856 -9.1054e-05
1.99563 -9.17114e-05
2.00566 -9.23393e-05
2.01569 -9.29413e-05
2.02572 -9.35122e-05
2.03575 -9.40511e-05
2.04578 -9.45614e-05
2.0558 -9.50402e-05
2.06583 -9.54878e-05
2.07586 -9.59059e-05
2.08589 -9.62971e-05
2.09592 -9.66582e-05
2.10595 -9.69877e-05
2.11598 -9.72882e-05
2.12601 -9.75612e-05
2.13603 -9.78053e-05
2.14606 -9.80262e-05
2.15609 -9.82237e-05
2.16612 -9.83917e-05
2.17615 -9.85367e-05
2.18618 -9.86591e-05
2.19621 -9.87568e-05
2.20624 -9.88325e-05
2.21626 -9.88867e-05
2.22629 -9.89187e-05
2.23632 -9.89279e-05
2.24635 -9.89156e-05
2.25638 -9.88875e-05
2.26641 -9.88458e-05
2.27644 -9.87871e-05
2.28646 -9.87133e-05
2.29649 -9.86268e-05
2.30652 -9.85264e-05
2.31655 -9.8411e-05
2.32658 -9.82782e-05
2.33661 -9.81311e-05
2.34664 -9.79745e-05
2.35667 -9.78082e-05
2.3667 -9.7631e-05
2.37672 -9.74446e-05
2.38675 -9.72492e-05
2.39678 -9.7043e-05
2.40681 -9.68258e-05
2.41684 -9.66018e-05
2.42687 -9.63719e-05
2.4369 -9.61371e-05
2.44693 -9.59001e-05
2.45695 -9.56597e-05
2.46698 -9.54129e-05
2.47701 -9.51592e-05
2.48704 -9.49012e-05
2.49707 -9.46397e-05
2.5071 -9.43765e-05
2.51713 -9.41101e-05
2.52716 -9.38414e-05
2.53719 -9.35718e-05
2.54721 -9.33005e-05
2.55724 -9.3029e-05
2.56727 -9.27583e-05
2.5773 -9.24869e-05
2.58733 -9.22143e-05
2.59736 -9.19439e-05
2.60739 -9.16752e-05
2.61742 -9.1409e-05
2.62744 -9.11453e-05
2.63747 -9.08834e-05
2.6475 -9.06257e-05
2.65753 -9.03705e-05
2.66756 -9.01157e-05
2.67759 -8.98602e-05
2.68762 -8.96064e-05
2.69765 -8.93569e-05
2.70768 -8.91106e-05
2.71771 -8.88673e-05
2.72773 -8.86287e-05
2.73776 -8.83928e-05
2.74779 -8.8159e-05
2.75782 -8.7929e-05
2.76785 -8.77016e-05
2.77788 -8.74785e-05
2.78791 -8.7258e-05
2.79794 -8.70391e-05
2.80797 -8.68231e-05
2.81799 -8.66096e-05
2.82802 -8.63979e-05
2.83805 -8.61899e-05
2.84808 -8.5986e-05
2.85811 -8.5784e-05
2.86814 -8.55875e-05
2.87817 -8.53971e-05
2.8882 -8.52119e-05
2.89823 -8.50343e-05
2.90825 -8.48649e-05
2.91828 -8.47021e-05
2.92831 -8.45446e-05
2.93834 -8.4392e-05
2.94837 -8.42467e-05
2.9584 -8.41094e-05
2.96843 -8.39781e-05
2.97846 -8.38531e-05
2.98849 -8.37353e-05
2.99851 -8.3624e-05
3.00854 -8.35198e-05
3.01857 -8.34217e-05
3.0286 -8.33285e-05
3.03863 -8.32427e-05
3.04866 -8.31645e-05
3.05869 -8.30945e-05
3.06872 -8.30317e-05
3.07875 -8.29734e-05
3.08877 -8.2921e-05
3.0988 -8.28757e-05
3.10883 -8.28358e-05
3.11886 -8.28026e-05
3.12889 -8.27766e-05
3.13892 -8.27561e-05
3.14895 -8.27404e-05
3.15898 -8.27285e-05
3.16901 -8.27232e-05
3.17903 -8.27247e-05
3.18906 -8.273e-05
3.19909 -8.27396e-05
3.20912 -8.27544e-05
3.21915 -8.27738e-05
3.22918 -8.2797e-05
3.23921 -8.28242e-05
3.24924 -8.28566e-05
3.25927 -8.28942e-05
3.26929 -8.29364e-05
3.27932 -8.29816e-05
3.28935 -8.30298e-05
3.29938 -8.30798e-05
3.30941 -8.3131e-05
3.31944 -8.31846e-05
3.32947 -8.32401e-05
3.3395 -8.32983e-05
3.34952 -8.3359e-05
3.35955 -8.34201e-05
3.36958 -8.34828e-05
3.37961 -8.35472e-05
3.38964 -8.36129e-05
3.39967 -8.36798e-05
3.4097 -8.37458e-05
3.41973 -8.38104e-05
3.42976 -8.38736e-05
3.43978 -8.39369e-05
3.44981 -8.40005e-05
3.45984 -8.40629e-05
3.46987 -8.41249e-05
3.4799 -8.41861e-05
3.48993 -8.42466e-05
3.49996 -8.43056e-05
3.50999 -8.43625e-05
3.52002 -8.44179e-05
3.53004 -8.4472e-05
3.54007 -8.45272e-05
3.5501 -8.45815e-05
3.56013 -8.46336e-05
3.57016 -8.46865e-05
3.58019 -8.47393e-05
3.59022 -8.47903e-05
3.60025 -8.4841e-05
3.61027 -8.48915e-05
3.6203 -8.49421e-05
3.63033 -8.49938e-05
3.64036 -8.50447e-05
3.65039 -8.50961e-05
3.66042 -8.51489e-05
3.67045 -8.5201e-05
3.68048 -8.5251e-05
3.69051 -8.53005e-05
3.70053 -8.535e-05
3.71056 -8.53982e-05
3.72059 -8.54472e-05
3.73062 -8.54976e-05
3.74065 -8.55476e-05
3.75068 -8.55956e-05
3.76071 -8.56447e-05
3.77074 -8.56947e-05
3.78076 -8.57452e-05
3.79079 -8.57973e-05
3.80082 -8.58491e-05
3.81085 -8.59001e-05
3.82088 -8.59501e-05
3.83091 -8.59991e-05
3.84094 -8.60478e-05
3.85097 -8.60967e-05
3.861 -8.61452e-05
3.87102 -8.61933e-05
3.88105 -8.62403e-05
3.89108 -8.62849e-05
3.90111 -8.63289e-05
3.91114 -8.63731e-05
3.92117 -8.6416e-05
3.9312 -8.64575e-05
3.94123 -8.64991e-05
3.95125 -8.65393e-05
3.96128 -8.65769e-05
3.97131 -8.66125e-05
3.98134 -8.66473e-05
3.99137 -8.66817e-05
4.0014 -8.67154e-05
4.01143 -8.67486e-05
4.02146 -8.67794e-05
4.03148 -8.68087e-05
4.04151 -8.68363e-05
4.05154 -8.68599e-05
4.06157 -8.68814e-05
4.0716 -8.69012e-05
4.08163 -8.69177e-05
4.09166 -8.69315e-05
4.10169 -8.6943e-05
4.11171 -8.69517e-05
4.12174 -8.69586e-05
4.13177 -8.69639e-05
4.1418 -8.69668e-05
4.15183 -8.69665e-05
4.16186 -8.69639e-05
4.17189 -8.69587e-05
4.18192 -8.69518e-05
4.19195 -8.69433e-05
4.20197 -8.69314e-05
4.212 -8.69171e-05
4.22203 -8.69005e-05
4.23206 -8.68819e-05
4.24209 -8.6862e-05
4.25212 -8.68399e-05
4.26215 -8.68167e-05
4.27218 -8.67923e-05
4.2822 -8.67668e-05
4.29223 -8.67427e-05
4.30226 -8.67193e-05
4.31229 -8.66959e-05
4.32232 -8.66714e-05
4.33235 -8.66453e-05
4.34238 -8.66213e-05
4.35241 -8.65981e-05
4.36243 -8.65725e-05
4.37246 -8.65465e-05
4.38249 -8.65212e-05
4.39252 -8.64976e-05
4.40255 -8.64755e-05
4.41258 -8.64527e-05
4.42261 -8.64302e-05
4.43264 -8.64095e-05
4.44267 -8.63885e-05
4.45269 -8.63685e-05
4.46272 -8.6352e-05
4.47275 -8.63371e-05
4.48278 -8.63226e-05
4.49281 -8.63091e-05
4.50284 -8.62957e-05
4.51287 -8.62828e-05
4.5229 -8.62715e-05
4.53292 -8.62604e-05
4.54295 -8.6249e-05
4.55298 -8.62379e-05
4.56301 -8.62284e-05
4.57304 -8.62197e-05
4.58307 -8.6211e-05
4.5931 -8.62035e-05
4.60313 -8.61958e-05
4.61315 -8.61881e-05
4.62318 -8.61814e-05
4.63321 -8.61742e-05
4.64324 -8.61651e-05
4.65327 -8.61564e-05
4.6633 -8.61501e-05
4.67333 -8.61442e-05
4.68336 -8.61373e-05
4.69338 -8.61294e-05
4.70341 -8.61207e-05
4.71344 -8.61113e-05
4.72347 -8.6102e-05
4.7335 -8.60934e-05
4.74353 -8.60839e-05
4.75356 -8.60719e-05
4.76359 -8.60603e-05
4.77361 -8.60502e-05
4.78364 -8.60398e-05
4.79367 -8.60277e-05
4.8037 -8.6015e-05
4.81373 -8.60008e-05
4.82376 -8.5984e-05
4.83379 -8.59657e-05
4.84382 -8.59458e-05
4.85385 -8.59249e-05
4.86387 -8.59043e-05
4.8739 -8.58839e-05
4.88393 -8.58627e-05
4.89396 -8.58418e-05
4.90399 -8.58212e-05
4.91402 -8.58011e-05
4.92405 -8.57809e-05
4.93408 -8.57601e-05
4.9441 -8.57401e-05
4.95413 -8.57197e-05
4.96416 -8.56985e-05
4.97419 -8.56779e-05
4.98422 -8.56587e-05
4.99425 -8.56411e-05
5.00428 -8.56248e-05
5.01431 -8.56084e-05
5.02433 -8.55926e-05
5.03436 -8.55784e-05
5.04439 -8.55658e-05
5.05442 -8.55548e-05
5.06445 -8.55452e-05
5.07448 -8.55375e-05
5.08451 -8.55308e-05
5.09454 -8.55238e-05
5.10456 -8.55172e-05
5.11459 -8.55121e-05
5.12462 -8.55076e-05
5.13465 -8.55024e-05
5.14468 -8.54981e-05
5.15471 -8.5495e-05
5.16474 -8.5493e-05
5.17477 -8.54933e-05
5.18479 -8.54955e-05
5.19482 -8.54999e-05
5.20485 -8.55056e-05
5.21488 -8.55121e-05
5.22491 -8.55194e-05
5.23494 -8.55268e-05
5.24497 -8.5536e-05
5.255 -8.55471e-05
5.26503 -8.55583e-05
5.27505 -8.55683e-05
5.28508 -8.55787e-05
5.29511 -8.5592e-05
5.30514 -8.56053e-05
5.31517 -8.56168e-05
5.3252 -8.56281e-05
5.33523 -8.56392e-05
5.34526 -8.56511e-05
5.35528 -8.56639e-05
5.36531 -8.56758e-05
5.37534 -8.56872e-05
5.38537 -8.56973e-05
5.3954 -8.5706e-05
5.40543 -8.57129e-05
5.41546 -8.57196e-05
5.42549 -8.57282e-05
5.43551 -8.57366e-05
5.44554 -8.57429e-05
5.45557 -8.57476e-05
5.4656 -8.57521e-05
5.47563 -8.57557e-05
5.48566 -8.5758e-05
5.49569 -8.57599e-05
5.50572 -8.57611e-05
5.51574 -8.57625e-05
5.52577 -8.57634e-05
5.5358 -8.57633e-05
5.54583 -8.57632e-05
5.55586 -8.57623e-05
5.56589 -8.57597e-05
5.57592 -8.57553e-05
5.58595 -8.5751e-05
5.59597 -8.57463e-05
5.606 -8.57407e-05
5.61603 -8.57353e-05
5.62606 -8.57299e-05
5.63609 -8.57238e-05
5.64612 -8.57178e-05
5.65615 -8.57113e-05
5.66618 -8.57048e-05
5.6762 -8.56997e-05
5.68623 -8.56942e-05
5.69626 -8.56884e-05
5.70629 -8.56843e-05
5.71632 -8.56815e-05
5.72635 -8.56797e-05
5.73638 -8.56789e-05
5.74641 -8.56788e-05
5.75643 -8.56779e-05
5.76646 -8.5676e-05
5.77649 -8.56753e-05
5.78652 -8.5676e-05
5.79655 -8.56778e-05
5.80658 -8.56819e-05
5.81661 -8.56873e-05
5.82664 -8.5693e-05
5.83667 -8.56993e-05
5.84669 -8.57069e-05
5.85672 -8.57155e-05
5.86675 -8.57242e-05
5.87678 -8.57347e-05
5.88681 -8.5747e-05
5.89684 -8.57596e-05
5.90687 -8.57723e-05
5.91689 -8.57851e-05
5.92692 -8.5797e-05
5.93695 -8.58094e-05
5.94698 -8.58237e-05
5.95701 -8.58379e-05
5.96704 -8.58511e-05
5.97707 -8.58644e-05
5.9871 -8.58792e-05
5.99713 -8.58936e-05
6.00715 -8.59058e-05
6.01718 -8.59172e-05
6.02721 -8.59286e-05
6.03724 -8.59406e-05
6.04727 -8.59526e-05
6.0573 -8.59632e-05
6.06733 -8.59726e-05
6.07735 -8.59813e-05
6.08738 -8.59888e-05
6.09741 -8.59957e-05
6.10744 -8.60017e-05
6.11747 -8.60067e-05
6.1275 -8.60109e-05
6.13753 -8.60135e-05
6.14756 -8.60148e-05
6.15759 -8.60152e-05
6.16761 -8.60153e-05
6.17764 -8.60151e-05
6.18767 -8.60136e-05
6.1977 -8.60103e-05
6.20773 -8.60068e-05
6.21776 -8.60035e-05
6.22779 -8.59977e-05
6.23782 -8.59898e-05
6.24784 -8.59822e-05
6.25787 -8.59752e-05
6.2679 -8.59671e-05
6.27793 -8.59578e-05
6.28796 -8.59487e-05
6.29799 -8.59401e-05
6.30802 -8.59301e-05
6.31805 -8.59205e-05
6.32807 -8.59114e-05
6.3381 -8.59003e-05
6.34813 -8.58882e-05
6.35816 -8.58771e-05
6.36819 -8.58673e-05
6.37822 -8.58565e-05
6.38825 -8.58448e-05
6.39828 -8.58322e-05
6.4083 -8.58179e-05
6.41833 -8.58042e-05
6.42836 -8.57923e-05
6.43839 -8.57806e-05
6.44842 -8.57684e-05
6.45845 -8.57568e-05
6.46848 -8.57461e-05
6.47851 -8.57361e-05
6.48853 -8.57259e-05
6.49856 -8.57162e-05
6.50859 -8.57093e-05
6.51862 -8.57042e-05
6.52865 -8.56988e-05
6.53868 -8.56939e-05
6.54871 -8.56901e-05
6.55874 -8.56856e-05
6.56876 -8.56813e-05
6.57879 -8.56792e-05
6.58882 -8.56786e-05
6.59885 -8.56791e-05
6.60888 -8.56802e-05
6.61891 -8.56824e-05
6.62894 -8.56875e-05
6.63897 -8.56933e-05
6.64899 -8.56974e-05
6.65902 -8.57004e-05
6.66905 -8.57043e-05
6.67908 -8.57091e-05
6.68911 -8.5714e-05
6.69914 -8.57202e-05
6.70917 -8.57267e-05
6.71919 -8.57318e-05
6.72922 -8.57361e-05
6.73925 -8.57409e-05
6.74928 -8.57462e-05
6.75931 -8.57515e-05
6.76934 -8.57562e-05
6.77937 -8.57611e-05
6.7894 -8.57663e-05
6.79943 -8.577e-05
6.80945 -8.57735e-05
6.81948 -8.57772e-05
6.82951 -8.57809e-05
6.83954 -8.57845e-05
6.84957 -8.57879e-05
6.8596 -8.57911e-05
6.86963 -8.57939e-05
6.87965 -8.57972e-05
6.88968 -8.58018e-05
6.89971 -8.58064e-05
6.90974 -8.581e-05
6.91977 -8.5813e-05
6.9298 -8.58152e-05
6.93983 -8.58161e-05
6.94986 -8.58168e-05
6.95989 -8.58173e-05
6.96991 -8.58182e-05
6.97994 -8.58192e-05
6.98997 -8.58189e-05
7 -8.58184e-05
