-0.00270996 0.000819267
0.00729002 0.000784568
0.0172898 0.000750461
0.0272896 0.000717137
0.0372893 0.000684689
0.0472891 0.00065316
0.0572889 0.000622527
0.0672888 0.000592832
0.0772886 0.000564031
0.0872885 0.000536075
0.0972884 0.000509015
0.107288 0.000482826
0.117288 0.000457467
0.127289 0.000432966
0.137289 0.000409299
0.147289 0.000386402
0.157289 0.000364231
0.16729 0.000342759
0.17729 0.000322002
0.187291 0.000301885
0.197291 0.000282408
0.207292 0.000263547
0.217293 0.000245255
0.227294 0.000227564
0.237295 0.000210412
0.247296 0.000193754
0.257297 0.000177571
0.267298 0.000161839
0.277299 0.000146564
0.287301 0.000131777
0.297302 0.000117419
0.307303 0.000103487
0.317304 8.99895e-05
0.327306 7.69059e-05
0.337307 6.42359e-05
0.347309 5.19842e-05
0.35731 4.01253e-05
0.367312 2.86539e-05
0.377313 1.75824e-05
0.387315 6.88358e-06
0.397316 -3.45918e-06
0.407318 -1.34371e-05
0.41732 -2.30343e-05
0.427321 -3.22697e-05
0.437323 -4.1168e-05
0.447325 -4.9707e-05
0.457327 -5.78735e-05
0.467329 -6.57157e-05
0.477331 -7.3242e-05
0.487333 -8.04445e-05
0.497335 -8.73454e-05
0.507337 -9.39249e-05
0.517339 -0.000100201
0.527341 -0.000106202
0.537343 -0.00011191
0.547345 -0.000117335
0.557348 -0.000122495
0.56735 -0.000127401
0.577352 -0.000132043
0.587355 -0.000136407
0.597357 -0.00014054
0.60736 -0.000144437
0.617362 -0.000148073
0.627365 -0.000151475
0.637367 -0.000154668
0.64737 -0.000157636
0.657373 -0.000160377
0.667375 -0.000162919
0.677378 -0.000165254
0.687381 -0.000167378
0.697384 -0.000169309
0.707387 -0.000171071
0.71739 -0.000172663
0.727393 -0.000174073
0.737396 -0.000175308
0.747399 -0.000176384
0.757402 -0.000177303
0.767405 -0.000178058
0.777408 -0.00017866
0.787411 -0.000179122
0.797414 -0.000179451
0.807418 -0.000179644
0.817421 -0.000179709
0.827424 -0.000179654
0.837427 -0.000179478
0.847431 -0.000179181
0.857434 -0.000178769
0.867438 -0.000178252
0.877441 -0.000177635
0.887445 -0.00017691
0.897448 -0.000176097
0.907452 -0.000175206
0.917455 -0.00017422
0.927459 -0.00017315
0.937463 -0.000172007
0.947466 -0.000170779
0.95747 -0.000169468
0.967474 -0.00016809
0.977478 -0.000166644
0.987481 -0.000165138
0.997485 -0.000163579
1.00749 -0.000161969
1.01749 -0.000160301
1.0275 -0.000158576
1.0375 -0.00015681
1.0475 -0.000155011
1.05751 -0.000153171
1.06751 -0.00015129
1.07752 -0.000149371
1.08752 -0.000147418
1.09752 -0.000145435
1.10753 -0.000143415
1.11753 -0.000141371
1.12754 -0.000139313
1.13754 -0.000137236
1.14754 -0.000135136
1.15755 -0.000133016
1.16755 -0.000130881
1.17756 -0.000128734
1.18756 -0.000126579
1.19757 -0.000124415
1.20757 -0.000122243
1.21757 -0.000120066
1.22758 -0.000117884
1.23758 -0.000115698
1.24759 -0.000113511
1.25759 -0.000111328
1.2676 -0.00010915
1.2776 -0.000106976
1.2876 -0.000104803
1.29761 -0.000102631
1.30761 -0.00010046
1.31762 -9.82989e-05
1.32762 -9.61484e-05
1.33763 -9.40036e-05
1.34763 -9.18599e-05
1.35763 -8.97251e-05
1.36764 -8.7606e-05
1.37764 -8.55058e-05
1.38765 -8.34194e-05
1.39765 -8.13458e-05
1.40766 -7.92894e-05
1.41766 -7.7246e-05
1.42767 -7.5219e-05
1.43767 -7.3206e-05
1.44767 -7.1204e-05
1.45768 -6.92201e-05
1.46768 -6.72592e-05
1.47769 -6.53228e-05
1.48769 -6.34065e-05
1.4977 -6.15081e-05
1.5077 -5.96316e-05
1.51771 -5.77775e-05
1.52771 -5.59479e-05
1.53772 -5.41407e-05
1.54772 -5.23597e-05
1.55772 -5.06015e-05
1.56773 -4.88595e-05
1.57773 -4.71455e-05
1.58774 -4.54635e-05
1.59774 -4.38095e-05
1.60775 -4.21849e-05
1.61775 -4.05866e-05
1.62776 -3.90124e-05
1.63776 -3.74626e-05
1.64776 -3.59452e-05
1.65777 -3.44643e-05
1.66777 -3.30113e-05
1.67778 -3.15844e-05
1.68778 -3.01871e-05
1.69779 -2.8822e-05
1.70779 -2.74869e-05
1.7178 -2.61761e-05
1.7278 -2.48937e-05
1.73781 -2.36484e-05
1.74781 -2.2439e-05
1.75781 -2.12602e-05
1.76782 -2.01106e-05
1.77782 -1.89896e-05
1.78783 -1.79e-05
1.79783 -1.68432e-05
1.80784 -1.58171e-05
1.81784 -1.48209e-05
1.82785 -1.38491e-05
1.83785 -1.29031e-05
1.84785 -1.19871e-05
1.85786 -1.11011e-05
1.86786 -1.02424e-05
1.87787 -9.41224e-06
1.88787 -8.61375e-06
1.89788 -7.84378e-06
1.90788 -7.10056e-06
1.91789 -6.3803e-06
1.92789 -5.68381e-06
1.9379 -5.01317e-06
1.9479 -4.36837e-06
1.9579 -3.75278e-06
1.96791 -3.16353e-06
1.97791 -2.59347e-06
1.98792 -2.04857e-06
1.99792 -1.52863e-06
2.00793 -1.02817e-06
2.01793 -5.50632e-07
2.02794 -9.91211e-08
2.03794 3.31869e-07
2.04794 7.43883e-07
2.05795 1.13419e-06
2.06795 1.5063e-06
2.07796 1.86043e-06
2.08796 2.19581e-06
2.09797 2.51034e-06
2.10797 2.80795e-06
2.11798 3.09073e-06
2.12798 3.35708e-06
2.13798 3.60628e-06
2.14799 3.84052e-06
2.15799 4.05509e-06
2.168 4.25106e-06
2.178 4.43554e-06
2.18801 4.60261e-06
2.19801 4.75266e-06
2.20801 4.88876e-06
2.21802 5.00907e-06
2.22802 5.11426e-06
2.23803 5.20605e-06
2.24803 5.28606e-06
2.25804 5.35375e-06
2.26804 5.40427e-06
2.27805 5.4364e-06
2.28805 5.45492e-06
2.29805 5.45861e-06
2.30806 5.44601e-06
2.31806 5.41954e-06
2.32807 5.38107e-06
2.33807 5.33401e-06
2.34808 5.27633e-06
2.35808 5.20402e-06
2.36808 5.11827e-06
2.37809 5.02124e-06
2.38809 4.91206e-06
2.3981 4.79153e-06
2.4081 4.6625e-06
2.41811 4.52571e-06
2.42811 4.37813e-06
2.43811 4.2201e-06
2.44812 4.05122e-06
2.45812 3.86971e-06
2.46813 3.67752e-06
2.47813 3.47826e-06
2.48814 3.27334e-06
2.49814 3.06124e-06
2.50814 2.84185e-06
2.51815 2.61394e-06
2.52815 2.38007e-06
2.53816 2.14005e-06
2.54816 1.89343e-06
2.55817 1.64171e-06
2.56817 1.38381e-06
2.57817 1.11944e-06
2.58818 8.51052e-07
2.59818 5.79532e-07
2.60819 3.02368e-07
2.61819 2.05311e-08
2.6282 -2.66277e-07
2.6382 -5.57255e-07
2.6482 -8.51169e-07
2.65821 -1.14973e-06
2.66821 -1.45095e-06
2.67822 -1.75198e-06
2.68822 -2.05139e-06
2.69823 -2.35108e-06
2.70823 -2.65287e-06
2.71823 -2.9555e-06
2.72824 -3.25848e-06
2.73824 -3.56283e-06
2.74825 -3.86601e-06
2.75825 -4.16714e-06
2.76825 -4.46776e-06
2.77826 -4.76632e-06
2.78826 -5.06385e-06
2.79827 -5.35848e-06
2.80827 -5.64885e-06
2.81828 -5.93611e-06
2.82828 -6.21967e-06
2.83828 -6.49831e-06
2.84829 -6.7738e-06
2.85829 -7.04641e-06
2.8683 -7.31386e-06
2.8783 -7.5797e-06
2.88831 -7.84415e-06
2.89831 -8.10594e-06
2.90831 -8.36758e-06
2.91832 -8.62954e-06
2.92832 -8.89018e-06
2.93833 -9.14781e-06
2.94833 -9.40208e-06
2.95833 -9.6551e-06
2.96834 -9.90773e-06
2.97834 -1.01579e-05
2.98835 -1.04063e-05
2.99835 -1.06533e-05
3.00836 -1.08982e-05
3.01836 -1.11416e-05
3.02836 -1.13824e-05
3.03837 -1.16198e-05
3.04837 -1.18561e-05
3.05838 -1.20915e-05
3.06838 -1.23264e-05
3.07838 -1.25597e-05
3.08839 -1.27891e-05
3.09839 -1.30162e-05
3.1084 -1.3242e-05
3.1184 -1.3465e-05
3.12841 -1.36863e-05
3.13841 -1.39066e-05
3.14841 -1.41243e-05
3.15842 -1.43389e-05
3.16842 -1.45493e-05
3.17843 -1.47582e-05
3.18843 -1.49659e-05
3.19843 -1.51698e-05
3.20844 -1.53704e-05
3.21844 -1.55689e-05
3.22845 -1.57643e-05
3.23845 -1.59561e-05
3.24845 -1.61448e-05
3.25846 -1.63315e-05
3.26846 -1.65166e-05
3.27847 -1.66993e-05
3.28847 -1.68778e-05
3.29848 -1.70527e-05
3.30848 -1.72228e-05
3.31848 -1.73879e-05
3.32849 -1.75489e-05
3.33849 -1.77056e-05
3.3485 -1.78589e-05
3.3585 -1.80086e-05
3.3685 -1.81529e-05
3.37851 -1.8293e-05
3.38851 -1.84292e-05
3.39852 -1.85609e-05
3.40852 -1.86886e-05
3.41852 -1.88103e-05
3.42853 -1.89255e-05
3.43853 -1.90343e-05
3.44854 -1.91382e-05
3.45854 -1.92374e-05
3.46855 -1.93309e-05
3.47855 -1.94199e-05
3.48855 -1.95039e-05
3.49856 -1.95827e-05
3.50856 -1.9656e-05
3.51857 -1.97234e-05
3.52857 -1.97857e-05
3.53857 -1.98428e-05
3.54858 -1.98971e-05
3.55858 -1.99471e-05
3.56859 -1.99916e-05
3.57859 -2.00343e-05
3.5886 -2.00739e-05
3.5986 -2.01089e-05
3.6086 -2.01406e-05
3.61861 -2.01692e-05
3.62861 -2.01954e-05
3.63862 -2.02208e-05
3.64862 -2.02434e-05
3.65862 -2.02641e-05
3.66863 -2.02841e-05
3.67863 -2.03015e-05
3.68864 -2.03148e-05
3.69864 -2.03258e-05
3.70864 -2.03351e-05
3.71865 -2.03417e-05
3.72865 -2.03481e-05
3.73866 -2.03545e-05
3.74866 -2.03591e-05
3.75867 -2.03608e-05
3.76867 -2.03625e-05
3.77867 -2.03641e-05
3.78868 -2.03653e-05
3.79868 -2.03672e-05
3.80869 -2.03677e-05
3.81869 -2.03668e-05
3.82869 -2.03645e-05
3.8387 -2.03607e-05
3.8487 -2.03558e-05
3.85871 -2.03505e-05
3.86871 -2.03443e-05
3.87872 -2.03375e-05
3.88872 -2.03292e-05
3.89872 -2.03183e-05
3.90873 -2.03064e-05
3.91873 -2.02946e-05
3.92874 -2.02812e-05
3.93874 -2.02661e-05
3.94874 -2.02508e-05
3.95875 -2.0234e-05
3.96875 -2.02144e-05
3.97876 -2.01928e-05
3.98876 -2.01706e-05
3.99876 -2.01478e-05
4.00877 -2.01241e-05
4.01877 -2.00998e-05
4.02878 -2.00731e-05
4.03878 -2.0045e-05
4.04879 -2.00151e-05
4.05879 -1.99812e-05
4.06879 -1.99452e-05
4.0788 -1.99079e-05
4.0888 -1.98673e-05
4.09881 -1.98243e-05
4.10881 -1.97787e-05
4.11881 -1.97302e-05
4.12882 -1.96802e-05
4.13882 -1.96287e-05
4.14883 -1.95747e-05
4.15883 -1.95178e-05
4.16884 -1.94589e-05
4.17884 -1.93975e-05
4.18884 -1.93343e-05
4.19885 -1.92697e-05
4.20885 -1.92021e-05
4.21886 -1.91323e-05
4.22886 -1.90603e-05
4.23886 -1.89866e-05
4.24887 -1.89121e-05
4.25887 -1.88355e-05
4.26888 -1.87581e-05
4.27888 -1.868e-05
4.28888 -1.8601e-05
4.29889 -1.85238e-05
4.30889 -1.84478e-05
4.3189 -1.83716e-05
4.3289 -1.82948e-05
4.33891 -1.82169e-05
4.34891 -1.81416e-05
4.35891 -1.80672e-05
4.36892 -1.79912e-05
4.37892 -1.79153e-05
4.38893 -1.78405e-05
4.39893 -1.77676e-05
4.40893 -1.76962e-05
4.41894 -1.76247e-05
4.42894 -1.75542e-05
4.43895 -1.7486e-05
4.44895 -1.74183e-05
4.45895 -1.73516e-05
4.46896 -1.72889e-05
4.47896 -1.72285e-05
4.48897 -1.7169e-05
4.49897 -1.71111e-05
4.50898 -1.70536e-05
4.51898 -1.69967e-05
4.52898 -1.69419e-05
4.53899 -1.68875e-05
4.54899 -1.68332e-05
4.559 -1.67795e-05
4.569 -1.67278e-05
4.579 -1.66769e-05
4.58901 -1.66265e-05
4.59901 -1.65782e-05
4.60902 -1.653e-05
4.61902 -1.6482e-05
4.62902 -1.64354e-05
4.63903 -1.63884e-05
4.64903 -1.63398e-05
4.65904 -1.62918e-05
4.66904 -1.62463e-05
4.67905 -1.62013e-05
4.68905 -1.61554e-05
4.69905 -1.61088e-05
4.70906 -1.60621e-05
4.71906 -1.60149e-05
4.72907 -1.59673e-05
4.73907 -1.59204e-05
4.74907 -1.58727e-05
4.75908 -1.5823e-05
4.76908 -1.57744e-05
4.77909 -1.57273e-05
4.78909 -1.56796e-05
4.7991 -1.56304e-05
4.8091 -1.55808e-05
4.8191 -1.553e-05
4.82911 -1.54766e-05
4.83911 -1.54216e-05
4.84912 -1.5365e-05
4.85912 -1.53074e-05
4.86912 -1.52503e-05
4.87913 -1.51937e-05
4.88913 -1.51366e-05
4.89914 -1.50798e-05
4.90914 -1.50234e-05
4.91915 -1.49677e-05
4.92915 -1.49121e-05
4.93915 -1.48562e-05
4.94916 -1.48014e-05
4.95916 -1.47464e-05
4.96917 -1.46906e-05
4.97917 -1.46359e-05
4.98917 -1.4583e-05
4.99918 -1.45316e-05
5.00918 -1.44817e-05
5.01919 -1.44322e-05
5.02919 -1.43836e-05
5.03919 -1.43369e-05
5.0492 -1.4292e-05
5.0592 -1.4249e-05
5.06921 -1.42078e-05
5.07921 -1.41689e-05
5.08922 -1.41314e-05
5.09922 -1.40942e-05
5.10922 -1.40576e-05
5.11923 -1.40224e-05
5.12923 -1.39882e-05
5.13924 -1.39541e-05
5.14924 -1.39215e-05
5.15924 -1.38905e-05
5.16925 -1.3861e-05
5.17925 -1.38342e-05
5.18926 -1.38093e-05
5.19926 -1.37869e-05
5.20926 -1.37666e-05
5.21927 -1.37479e-05
5.22927 -1.37304e-05
5.23928 -1.37134e-05
5.24928 -1.36982e-05
5.25928 -1.36854e-05
5.26929 -1.36731e-05
5.27929 -1.36601e-05
5.2893 -1.36478e-05
5.2993 -1.36386e-05
5.30931 -1.363e-05
5.31931 -1.36202e-05
5.32931 -1.36104e-05
5.33932 -1.36007e-05
5.34932 -1.35917e-05
5.35933 -1.35838e-05
5.36933 -1.35754e-05
5.37933 -1.35668e-05
5.38934 -1.35571e-05
5.39934 -1.35465e-05
5.40935 -1.35347e-05
5.41935 -1.35232e-05
5.42936 -1.35138e-05
5.43936 -1.35045e-05
5.44936 -1.34935e-05
5.45937 -1.3481e-05
5.46937 -1.34686e-05
5.47938 -1.34559e-05
5.48938 -1.34422e-05
5.49938 -1.34282e-05
5.50939 -1.34142e-05
5.51939 -1.34008e-05
5.5294 -1.33865e-05
5.5394 -1.33713e-05
5.5494 -1.33565e-05
5.55941 -1.33414e-05
5.56941 -1.3325e-05
5.57942 -1.33073e-05
5.58942 -1.32899e-05
5.59943 -1.32724e-05
5.60943 -1.32543e-05
5.61943 -1.32367e-05
5.62944 -1.32197e-05
5.63944 -1.32027e-05
5.64945 -1.31861e-05
5.65945 -1.31695e-05
5.66945 -1.31534e-05
5.67946 -1.31388e-05
5.68946 -1.31242e-05
5.69947 -1.31098e-05
5.70947 -1.30974e-05
5.71947 -1.30868e-05
5.72948 -1.30775e-05
5.73948 -1.30693e-05
5.74949 -1.30624e-05
5.75949 -1.30557e-05
5.7695 -1.30486e-05
5.7795 -1.30428e-05
5.7895 -1.30385e-05
5.79951 -1.30361e-05
5.80951 -1.30365e-05
5.81952 -1.30383e-05
5.82952 -1.30409e-05
5.83952 -1.30444e-05
5.84953 -1.30498e-05
5.85953 -1.30568e-05
5.86954 -1.30644e-05
5.87954 -1.3074e-05
5.88954 -1.30856e-05
5.89955 -1.30979e-05
5.90955 -1.31109e-05
5.91956 -1.31245e-05
5.92956 -1.31375e-05
5.93957 -1.31511e-05
5.94957 -1.31668e-05
5.95957 -1.31826e-05
5.96958 -1.31973e-05
5.97958 -1.32123e-05
5.98959 -1.32294e-05
5.99959 -1.32467e-05
6.00959 -1.32619e-05
6.0196 -1.32765e-05
6.0296 -1.32912e-05
6.03961 -1.3306e-05
6.04961 -1.33208e-05
6.05961 -1.33348e-05
6.06962 -1.33477e-05
6.07962 -1.33596e-05
6.08963 -1.33706e-05
6.09963 -1.33812e-05
6.10963 -1.33907e-05
6.11964 -1.33996e-05
6.12964 -1.34076e-05
6.13965 -1.34136e-05
6.14965 -1.34185e-05
6.15966 -1.34228e-05
6.16966 -1.34269e-05
6.17966 -1.34305e-05
6.18967 -1.34326e-05
6.19967 -1.34329e-05
6.20968 -1.34334e-05
6.21968 -1.3434e-05
6.22968 -1.34321e-05
6.23969 -1.34278e-05
6.24969 -1.34235e-05
6.2597 -1.34199e-05
6.2697 -1.34154e-05
6.2797 -1.34096e-05
6.28971 -1.34042e-05
6.29971 -1.33993e-05
6.30972 -1.3393e-05
6.31972 -1.33871e-05
6.32973 -1.33819e-05
6.33973 -1.33747e-05
6.34973 -1.33663e-05
6.35974 -1.33588e-05
6.36974 -1.33522e-05
6.37975 -1.3345e-05
6.38975 -1.33372e-05
6.39975 -1.33288e-05
6.40976 -1.33187e-05
6.41976 -1.33092e-05
6.42977 -1.33015e-05
6.43977 -1.32939e-05
6.44977 -1.32865e-05
6.45978 -1.328e-05
6.46978 -1.3274e-05
6.47979 -1.32684e-05
6.48979 -1.32628e-05
6.49979 -1.32579e-05
6.5098 -1.32562e-05
6.5198 -1.32566e-05
6.52981 -1.32571e-05
6.53981 -1.32583e-05
6.54982 -1.32607e-05
6.55982 -1.32623e-05
6.56982 -1.32641e-05
6.57983 -1.3268e-05
6.58983 -1.32737e-05
6.59984 -1.3281e-05
6.60984 -1.32891e-05
6.61984 -1.32983e-05
6.62985 -1.33103e-05
6.63985 -1.33226e-05
6.64986 -1.33335e-05
6.65986 -1.33438e-05
6.66986 -1.33548e-05
6.67987 -1.33669e-05
6.68987 -1.33791e-05
6.69988 -1.33921e-05
6.70988 -1.34051e-05
6.71989 -1.3417e-05
6.72989 -1.34286e-05
6.73989 -1.34404e-05
6.7499 -1.34523e-05
6.7599 -1.34642e-05
6.76991 -1.34757e-05
6.77991 -1.34873e-05
6.78991 -1.34987e-05
6.79992 -1.35087e-05
6.80992 -1.35185e-05
6.81993 -1.35285e-05
6.82993 -1.35382e-05
6.83993 -1.35475e-05
6.84994 -1.35562e-05
6.85994 -1.35646e-05
6.86995 -1.35725e-05
6.87995 -1.35806e-05
6.88996 -1.35892e-05
6.89996 -1.35976e-05
6.90996 -1.36049e-05
6.91997 -1.36112e-05
6.92997 -1.36164e-05
6.93998 -1.36199e-05
6.94998 -1.36229e-05
6.95998 -1.36256e-05
6.96999 -1.3628e-05
6.97999 -1.36299e-05
6.99 -1.36299e-05
7 -1.36294e-05
