     1        0   0.000
     2    52577   0.000
     3   105216   0.000
     4   157792   0.000
     5   210368   0.000
     6   262944   0.000
     7   315520   0.000
     8   368096   0.000
     9   420672   0.000
    10   473248   0.000
    11   525824   0.000
    12   578400   0.000
    13   630976   0.000
    14   683552   0.000
    15   736128   0.000
    16   788704   0.000
    17   841280   0.000
    18   893856   0.000
    19   946432   0.000
    20   999008   0.000
    21  1051584   0.000
    22  1104160   0.000
    23  1156736   0.000
    24  1209312   0.000
    25  1261888   0.000
    26  1314464   0.000
    27  1367040   0.000
    28  1419616   0.000
    29  1472192   0.000
    30  1524768   0.000
    31  1577344   0.000
    32  1629920   0.000
    33  1682496   0.000
    34  1735072   0.000
    35  1787648   0.000
    36  1840224   0.000
    37  1892800   0.000
    38  1945376   0.000
    39  1997952   0.000
    40  2050528   0.000
    41  2103104   0.000
    42  2155680   0.000
    43  2208256   0.000
    44  2260832   0.000
    45  2313408   0.000
    46  2365984   0.000
    47  2418560   0.000
    48  2471136   0.000
    49  2523712   0.000
    50  2576288   0.000
    51  2628864   0.000
    52  2681440   0.000
    53  2734016   0.000
    54  2786592   0.000
    55  2839168   0.000
    56  2891744   0.000
    57  2944320   0.000
    58  2996896   0.000
    59  3049472   0.000
    60  3102048   0.000
    61  3154624   0.000
    62  3207200   0.000
