     1        0   189000   0.000
     2    52577   189000   0.000
     3   105216   189000   0.000
     4   157792   189000   0.000
     5   210368   189000   0.000
     6   262944   189000   0.000
     7   315520   189000   0.000
     8   368096   189000   0.000
     9   420672   189000   0.000
    10   473248   189000   0.000
    11   525824   189000   0.000
    12   578400   189000   0.000
    13   630976   189000   0.000
    14   683552   189000   0.000
    15   736128   189000   0.000
    16   788704   189000   0.000
    17   841280   189000   0.000
    18   893856   189000   0.000
    19   946432   189000   0.000
    20   999008   189000   0.000
    21  1051584   189000   0.000
    22  1104160   189000   0.000
    23  1156736   189000   0.000
    24  1209312   189000   0.000
    25  1261888   189000   0.000
    26  1314464   189000   0.000
    27  1367040   189000   0.000
    28  1419616   189000   0.000
    29  1472192   189000   0.000
    30  1524768   189000   0.000
    31  1577344   189000   0.000
    32  1629920   189000   0.000
    33  1682496   189000   0.000
    34  1735072   189000   0.000
    35  1787648   189000   0.000
    36  1840224   189000   0.000
    37  1892800   189000   0.000
    38  1945376   189000   0.000
    39  1997952   189000   0.000
    40  2050528   189000   0.000
    41  2103104   189000   0.000
    42  2155680   189000   0.000
    43  2208256   189000   0.000
    44  2260832   189000   0.000
    45  2313408   189000   0.000
    46  2365984   189000   0.000
    47  2418560   189000   0.000
    48  2471136   189000   0.000
    49  2523712   189000   0.000
    50  2576288   189000   0.000
    51  2628864   189000   0.000
    52  2681440   189000   0.000
    53  2734016   189000   0.000
    54  2786592   189000   0.000
    55  2839168   189000   0.000
    56  2891744   189000   0.000
    57  2944320   189000   0.000
    58  2996896   189000   0.000
    59  3049472   189000   0.000
    60  3102048   189000   0.000
    61  3154624   189000   0.000
    62  3207200   189000   0.000
