
 Time[sec]=
   0.0000000000000000     
         5.0000
        15.0000
        25.0000
        35.0000
        45.0000
        55.0000
        65.0000
        75.0000
        85.0000
        95.0000
       105.0000
       115.0000
       125.0000
       135.0000
       145.0000
       155.0000
       165.0000
       175.0000
       185.0000
       195.0000
       205.0000
       215.0000
       225.0000
       235.0000
       245.0000
       255.0000
       265.0000
       275.0000
       285.0000
       295.0000
         0.0000
         0.0000
         0.0000
         0.0000
         0.0000
         0.0000
         0.0000
         0.0000
         0.0000
         0.0000
         0.0000
         0.0000
         0.0000
         0.0000
         0.0000
         0.0000
         0.0000
         0.0000
         0.0000
         0.0000
         0.0000
         0.0000
         0.0000
         0.0000
         0.0000
         0.0000
         0.0000
         0.0000
         0.0000
         0.0000

 Time[sec]=
   2628800.0000000000     
         5.0008
        15.0007
        25.0007
        35.0006
        45.0006
        55.0005
        65.0005
        75.0005
        85.0004
        95.0004
       105.0003
       115.0002
       125.0002
       135.0001
       145.0001
       155.0000
       164.9999
       174.9999
       184.9998
       194.9997
       204.9997
       214.9996
       224.9995
       234.9995
       244.9994
       254.9993
       264.9992
       274.9992
       284.9991
       294.9990
        -5.2577
        -5.2577
        -5.2577
        -5.2577
        -5.2577
        -5.2577
        -5.2577
        -5.2577
        -5.2577
        -5.2577
        -5.2577
        -5.2577
        -5.2577
        -5.2577
        -5.2577
        -5.2577
        -5.2577
        -5.2577
        -5.2577
        -5.2577
        -5.2577
        -5.2577
        -5.2577
        -5.2577
        -5.2577
        -5.2577
        -5.2577
        -5.2577
        -5.2577
        -5.2577

 Time[sec]=
   5260750.0000000000     
         4.1285
        14.1282
        24.1275
        34.1263
        44.1246
        54.1223
        64.1194
        74.1158
        84.1114
        94.1062
       104.1001
       114.0932
       124.0855
       134.0772
       144.0682
       154.0589
       164.0494
       174.0400
       184.0310
       194.0225
       204.0147
       214.0079
       224.0021
       233.9971
       243.9929
       253.9892
       263.9859
       273.9831
       283.9810
       293.9799
      -107.8232
      -110.7105
      -113.6243
      -116.5569
      -119.4934
      -122.4403
      -125.4146
      -128.4321
      -131.5074
      -134.6513
      -137.8663
      -141.1477
      -144.4924
      -147.8927
      -151.3312
      -154.7802
      -158.2033
      -161.5620
      -164.8088
      -167.8814
      -170.7234
      -173.2977
      -175.5761
      -177.5366
      -179.1803
      -180.5450
      -181.7011
      -182.7564
      -183.8400
      -185.0406

 Time[sec]=
   7889550.0000000000     
         3.7152
        13.7146
        23.7134
        33.7111
        43.7078
        53.7033
        63.6975
        73.6902
        83.6813
        93.6707
       103.6583
       113.6442
       123.6285
       133.6114
       143.5932
       153.5742
       163.5549
       173.5359
       183.5176
       193.5004
       203.4848
       213.4711
       223.4593
       233.4494
       243.4409
       253.4337
       263.4273
       273.4218
       283.4178
       293.4158
      -197.4159
      -202.2463
      -207.1327
      -212.0754
      -217.0480
      -222.0604
      -227.1471
      -232.3373
      -237.6572
      -243.1260
      -248.7515
      -254.5291
      -260.4497
      -266.4931
      -272.6212
      -278.7776
      -284.8890
      -290.8729
      -296.6318
      -302.0507
      -307.0208
      -311.4582
      -315.2990
      -318.5030
      -321.0774
      -323.0962
      -324.7009
      -326.1050
      -327.5628
      -329.2536

 Time[sec]=
   10518350.000000000     
         3.4070
        13.4062
        23.4043
        33.4010
        43.3959
        53.3890
        63.3802
        73.3691
        83.3555
        93.3393
       103.3205
       113.2990
       123.2751
       133.2491
       143.2214
       153.1926
       163.1634
       173.1346
       183.1069
       193.0809
       203.0574
       213.0367
       223.0189
       233.0039
       242.9912
       252.9803
       262.9708
       272.9627
       282.9568
       292.9539
      -287.8058
      -294.3063
      -300.8947
      -307.5810
      -314.3258
      -321.1417
      -328.0810
      -335.1862
      -342.4950
      -350.0354
      -357.8198
      -365.8436
      -374.0919
      -382.5313
      -391.1033
      -399.7225
      -408.2789
      -416.6458
      -424.6760
      -432.2019
      -439.0626
      -445.1277
      -450.2977
      -454.5144
      -457.7909
      -460.2374
      -462.0661
      -463.5959
      -465.2054
      -467.1639

 Time[sec]=
   13147150.000000000     
         3.1497
        13.1486
        23.1461
        33.1416
        43.1347
        53.1254
        63.1135
        73.0985
        83.0801
        93.0582
       103.0328
       113.0038
       122.9716
       132.9365
       142.8993
       152.8605
       162.8212
       172.7825
       182.7453
       192.7105
       202.6790
       212.6512
       222.6274
       232.6073
       242.5904
       252.5759
       262.5633
       272.5525
       282.5447
       292.5409
      -378.5823
      -386.6033
      -394.7458
      -403.0304
      -411.4035
      -419.8800
      -428.5301
      -437.4098
      -446.5683
      -456.0419
      -465.8480
      -475.9817
      -486.4220
      -497.1227
      -508.0044
      -518.9529
      -529.8216
      -540.4397
      -550.6106
      -560.1142
      -568.7378
      -576.3047
      -582.6799
      -587.7872
      -591.6457
      -594.4011
      -596.3363
      -597.8747
      -599.5191
      -601.6286

 Time[sec]=
   15775950.000000000     
         2.9236
        12.9223
        22.9191
        32.9133
        42.9046
        52.8928
        62.8777
        72.8587
        82.8355
        92.8078
       102.7757
       112.7391
       122.6985
       132.6543
       142.6073
       152.5585
       162.5091
       172.4604
       182.4136
       192.3699
       202.3303
       212.2955
       222.2657
       232.2405
       242.2194
       252.2013
       262.1855
       272.1721
       282.1624
       292.1577
      -469.5699
      -479.0119
      -488.6103
      -498.3968
      -508.3029
      -518.3453
      -528.6125
      -539.1736
      -550.0894
      -561.4047
      -573.1415
      -585.2947
      -597.8373
      -610.7099
      -623.8124
      -637.0018
      -650.0950
      -662.8772
      -675.1028
      -686.4993
      -696.8025
      -705.7895
      -713.2899
      -719.2095
      -723.5730
      -726.5618
      -728.5285
      -730.0010
      -731.6059
      -733.7916

 Time[sec]=
   18404750.000000000     
         2.7194
        12.7177
        22.7139
        32.7068
        42.6962
        52.6819
        62.6635
        72.6405
        82.6123
        92.5788
       102.5399
       112.4956
       122.4465
       132.3930
       142.3363
       152.2774
       162.2177
       172.1590
       182.1026
       192.0500
       202.0023
       211.9604
       221.9246
       231.8943
       241.8689
       251.8472
       261.8283
       271.8123
       281.8007
       291.7952
      -560.6815
      -571.4708
      -582.4525
      -593.6700
      -605.0391
      -616.5777
      -628.3927
      -640.5667
      -653.1718
      -666.2614
      -679.8618
      -693.9680
      -708.5466
      -723.5252
      -738.7829
      -754.1481
      -769.4011
      -784.2836
      -798.5008
      -811.7282
      -823.6505
      -833.9985
      -842.5668
      -849.2428
      -854.0568
      -857.2253
      -859.1706
      -860.5243
      -862.0365
      -864.2451

 Time[sec]=
   21033550.000000000     
         2.5316
        12.5296
        22.5251
        32.5167
        42.5041
        52.4873
        62.4656
        72.4384
        82.4053
        92.3659
       102.3201
       112.2680
       122.2103
       132.1475
       142.0809
       152.0118
       161.9419
       171.8730
       181.8070
       191.7454
       201.6897
       211.6407
       221.5988
       231.5635
       241.5339
       251.5086
       261.4866
       271.4679
       281.4545
       291.4480
      -651.8662
      -663.9449
      -676.2530
      -688.8456
      -701.6227
      -714.6029
      -727.9115
      -741.6447
      -755.8857
      -770.6965
      -786.1081
      -802.1150
      -818.6776
      -835.7104
      -853.0718
      -870.5617
      -887.9237
      -904.8564
      -921.0159
      -936.0263
      -949.5209
      -961.1846
      -970.7769
      -978.1668
      -983.3899
      -986.6978
      -988.5816
      -989.7766
      -991.1560
      -993.3470

 Time[sec]=
   23662350.000000000     
         2.3567
        12.3544
        22.3492
        32.3395
        42.3249
        52.3054
        62.2804
        72.2491
        82.2109
        92.1655
       102.1128
       112.0529
       121.9865
       131.9143
       141.8378
       151.7584
       161.6782
       171.5992
       181.5235
       191.4529
       201.3891
       211.3330
       221.2851
       231.2447
       241.2108
       251.1820
       261.1569
       271.1356
       281.1203
       291.1129
      -743.0850
      -756.4056
      -769.9936
      -783.9159
      -798.0562
      -812.4332
      -827.1912
      -842.4396
      -858.2732
      -874.7621
      -891.9418
      -909.8067
      -928.3108
      -947.3556
      -966.7786
      -986.3513
     -1005.7811
     -1024.7231
     -1042.7851
     -1059.5395
     -1074.5687
     -1087.5119
     -1098.0933
     -1106.1638
     -1111.7638
     -1115.1794
     -1116.9704
     -1117.9754
     -1119.1904
     -1121.3319

 Time[sec]=
   26291150.000000000     
         2.1923
        12.1897
        22.1837
        32.1726
        42.1561
        52.1339
        62.1055
        72.0700
        82.0267
        91.9752
       101.9155
       111.8478
       121.7726
       131.6910
       141.6045
       151.5148
       161.4242
       171.3350
       181.2495
       191.1700
       201.0980
       211.0349
       220.9809
       230.9355
       240.8974
       250.8650
       260.8368
       270.8130
       280.7958
       290.7875
      -834.3162
      -848.8392
      -863.6678
      -878.8820
      -894.3479
      -910.0845
      -926.2549
      -942.9818
      -960.3715
      -978.5023
      -997.4144
     -1017.1016
     -1037.5117
     -1058.5329
     -1079.9823
     -1101.6028
     -1123.0656
     -1143.9829
     -1163.9141
     -1182.3802
     -1198.9130
     -1213.1061
     -1224.6484
     -1233.3723
     -1239.3232
     -1242.8212
     -1244.4945
     -1245.2842
     -1246.3093
     -1248.3756

 Time[sec]=
   28919950.000000000     
         2.0367
        12.0337
        22.0270
        32.0145
        41.9959
        51.9710
        61.9392
        71.8994
        81.8509
        91.7934
       101.7266
       111.6509
       121.5669
       131.4758
       141.3792
       151.2792
       161.1782
       171.0787
       180.9835
       190.8949
       200.8149
       210.7447
       220.6847
       230.6343
       240.5920
       250.5560
       260.5248
       270.4983
       280.4792
       290.4701
      -925.5465
      -941.2378
      -957.2737
      -973.7470
      -990.5065
     -1007.5707
     -1025.1218
     -1043.2958
     -1062.2103
     -1081.9521
     -1102.5658
     -1124.0447
     -1146.3303
     -1169.2976
     -1192.7431
     -1216.3813
     -1239.8475
     -1262.7110
     -1284.4830
     -1304.6335
     -1322.6438
     -1338.0619
     -1350.5416
     -1359.8967
     -1366.1770
     -1369.7368
     -1371.2718
     -1371.8258
     -1372.6400
     -1374.6098

 Time[sec]=
   31548750.000000000     
         1.8884
        11.8851
        21.8776
        31.8637
        41.8430
        51.8154
        61.7801
        71.7360
        81.6824
        91.6187
       101.5448
       111.4610
       121.3682
       131.2675
       141.1608
       151.0504
       160.9389
       170.8292
       180.7242
       190.6266
       200.5384
       210.4612
       220.3952
       230.3397
       240.2933
       250.2538
       260.2195
       270.1904
       280.1694
       290.1594
     -1016.7638
     -1033.5937
     -1050.8076
     -1068.5118
     -1086.5370
     -1104.9010
     -1123.8051
     -1143.3989
     -1163.8112
     -1185.1371
     -1207.4256
     -1230.6695
     -1254.8039
     -1279.6907
     -1305.1060
     -1330.7358
     -1356.1794
     -1380.9638
     -1404.5521
     -1426.3634
     -1445.8287
     -1462.4506
     -1475.8478
     -1485.8154
     -1492.4076
     -1496.0120
     -1497.3918
     -1497.6928
     -1498.2786
     -1500.1340

 Time[sec]=
   34177550.000000000     
         1.7466
        11.7429
        21.7346
        31.7192
        41.6964
        51.6661
        61.6273
        71.5788
        81.5199
        91.4500
       101.3690
       111.2772
       121.1754
       131.0651
       140.9483
       150.8273
       160.7053
       170.5854
       180.4706
       190.3639
       200.2677
       210.1833
       220.1113
       230.0509
       240.0003
       249.9572
       259.9199
       269.8882
       279.8654
       289.8545
     -1107.9583
     -1125.9008
     -1144.2670
     -1163.1770
     -1182.4434
     -1202.0828
     -1222.3156
     -1243.3051
     -1265.1912
     -1288.0774
     -1312.0171
     -1337.0025
     -1362.9623
     -1389.7453
     -1417.1069
     -1444.7051
     -1472.1035
     -1498.7864
     -1524.1693
     -1547.6208
     -1568.5217
     -1586.3292
     -1600.6269
     -1611.1913
     -1618.0804
     -1621.7150
     -1622.9254
     -1622.9590
     -1623.3015
     -1625.0274

 Time[sec]=
   36806350.000000000     
         1.6103
        11.6063
        21.5971
        31.5804
        41.5554
        51.5223
        61.4799
        71.4271
        81.3629
        91.2867
       101.1985
       111.0986
       120.9878
       130.8679
       140.7408
       150.6094
       160.4768
       170.3465
       180.2220
       190.1062
       200.0019
       209.9105
       219.8325
       229.7671
       239.7123
       249.6658
       259.6254
       269.5911
       279.5665
       289.5547
     -1199.1246
     -1218.1561
     -1237.6516
     -1257.7453
     -1278.2310
     -1299.1238
     -1320.6637
     -1343.0273
     -1366.3660
     -1390.7913
     -1416.3611
     -1443.0669
     -1470.8311
     -1499.4893
     -1528.7765
     -1558.3223
     -1587.6550
     -1616.2165
     -1643.3749
     -1668.4482
     -1690.7675
     -1709.7447
     -1724.9283
     -1736.0758
     -1743.2491
     -1746.9018
     -1747.9308
     -1747.6847
     -1747.7713
     -1749.3545

 Time[sec]=
   39435150.000000000     
         1.4791
        11.4746
        21.4647
        31.4465
        41.4194
        51.3834
        61.3374
        71.2802
        81.2107
        91.1282
       101.0327
       110.9246
       120.8048
       130.6751
       140.5378
       150.3959
       160.2527
       170.1121
       179.9777
       189.8529
       199.7404
       209.6420
       219.5581
       229.4877
       239.4288
       249.3788
       259.3353
       269.2985
       279.2720
       289.2594
     -1290.2573
     -1310.3567
     -1330.9608
     -1352.2182
     -1373.9035
     -1396.0300
     -1418.8574
     -1442.5758
     -1467.3479
     -1493.2933
     -1520.4741
     -1548.8815
     -1578.4311
     -1608.9456
     -1640.1393
     -1671.6141
     -1702.8626
     -1733.2847
     -1762.2013
     -1788.8802
     -1812.6026
     -1832.7355
     -1848.7922
     -1860.5111
     -1867.9578
     -1871.6182
     -1872.4555
     -1871.9192
     -1871.7389
     -1873.1682

 Time[sec]=
   42063950.000000000     
         1.3523
        11.3475
        21.3368
        31.3170
        41.2877
        51.2489
        61.1993
        71.1376
        81.0627
        90.9739
       100.8711
       110.7548
       120.6259
       130.4865
       140.3389
       150.1863
       160.0325
       169.8816
       179.7374
       189.6035
       199.4829
       209.3775
       219.2876
       229.2123
       239.1493
       249.0957
       259.0493
       269.0099
       278.9816
       288.9680
     -1381.3497
     -1402.4979
     -1424.1917
     -1446.5946
     -1469.4615
     -1492.8039
     -1516.9012
     -1541.9567
     -1568.1446
     -1595.5928
     -1624.3674
     -1654.4590
     -1685.7767
     -1718.1302
     -1751.2133
     -1784.5998
     -1817.7473
     -1850.0138
     -1880.6728
     -1908.9426
     -1934.0545
     -1955.3306
     -1972.2491
     -1984.5293
     -1992.2399
     -1995.8992
     -1996.5359
     -1995.7004
     -1995.2437
     -1996.5093

 Time[sec]=
   44692750.000000000     
         1.2297
        11.2244
        21.2128
        31.1916
        41.1601
        51.1183
        61.0652
        70.9990
        80.9186
        90.8235
       100.7133
       110.5887
       120.4507
       130.3014
       140.1435
       149.9803
       159.8159
       169.6545
       179.5005
       189.3576
       199.2289
       209.1164
       219.0206
       228.9404
       238.8733
       248.8162
       258.7668
       268.7249
       278.6947
       288.6803
     -1472.3983
     -1494.5778
     -1517.3441
     -1540.8759
     -1564.9081
     -1589.4500
     -1614.8009
     -1641.1776
     -1668.7654
     -1697.7003
     -1728.0529
     -1759.8129
     -1792.8830
     -1827.0596
     -1862.0162
     -1897.2989
     -1932.3299
     -1966.4256
     -1998.8129
     -2028.6601
     -2055.1492
     -2077.5574
     -2095.3278
     -2108.1603
     -2116.1269
     -2119.7774
     -2120.2062
     -2119.0636
     -2118.3222
     -2119.4155

 Time[sec]=
   47321550.000000000     
         1.1107
        11.1050
        21.0926
        31.0698
        41.0361
        50.9914
        60.9345
        70.8638
        80.7780
        90.6765
       100.5589
       110.4259
       120.2788
       130.1197
       139.9513
       149.7775
       159.6024
       169.4306
       179.2667
       189.1148
       198.9780
       208.8585
       218.7568
       228.6716
       238.6005
       248.5400
       258.4876
       268.4431
       278.4110
       288.3958
     -1563.3996
     -1586.5941
     -1610.4169
     -1635.0623
     -1660.2449
     -1685.9712
     -1712.5608
     -1740.2438
     -1769.2168
     -1799.6240
     -1831.5400
     -1864.9537
     -1899.7615
     -1935.7465
     -1972.5620
     -2009.7263
     -2046.6266
     -2082.5378
     -2116.6402
     -2148.0526
     -2175.9077
     -2199.4379
     -2218.0514
     -2231.4285
     -2239.6440
     -2243.2793
     -2243.4935
     -2242.0371
     -2241.0037
     -2241.9171

 Time[sec]=
   49950350.000000000     
         0.9950
        10.9890
        20.9757
        30.9513
        40.9153
        50.8678
        60.8072
        70.7319
        80.6406
        90.5326
       100.4076
       110.2663
       120.1099
       129.9409
       139.7621
       149.5776
       159.3918
       169.2096
       179.0358
       188.8748
       198.7299
       208.6034
       218.4958
       228.4058
       238.3306
       248.2667
       258.2112
       268.1642
       278.1304
       288.1142
     -1654.3505
     -1678.5450
     -1703.4097
     -1729.1545
     -1755.4736
     -1782.3706
     -1810.1850
     -1839.1607
     -1869.5054
     -1901.3713
     -1934.8371
     -1969.8911
     -2006.4230
     -2044.2028
     -2082.8636
     -2121.8959
     -2160.6522
     -2198.3662
     -2234.1715
     -2267.1378
     -2296.3487
     -2320.9921
     -2340.4406
     -2354.3555
     -2362.8140
     -2366.4283
     -2366.4225
     -2364.6463
     -2363.3147
     -2364.0415

 Time[sec]=
   52579150.000000000     
         0.8824
        10.8760
        20.8618
        30.8359
        40.7976
        50.7471
        60.6828
        70.6029
        80.5061
        90.3915
       100.2591
       110.1093
       119.9437
       129.7647
       139.5755
       149.3803
       159.1837
       168.9911
       178.8075
       188.6373
       198.4844
       208.3510
       218.2375
       228.1426
       238.0633
       247.9960
       257.9376
       267.8880
       277.8523
       287.8353
     -1745.2477
     -1770.4284
     -1796.3214
     -1823.1526
     -1850.5953
     -1878.6500
     -1907.6766
     -1937.9323
     -1969.6361
     -2002.9481
     -2037.9512
     -2074.6329
     -2112.8762
     -2152.4381
     -2192.9314
     -2233.8192
     -2274.4192
     -2313.9240
     -2351.4210
     -2385.9309
     -2416.4883
     -2442.2365
     -2462.5132
     -2476.9598
     -2485.6560
     -2489.2446
     -2489.0140
     -2486.9130
     -2485.2777
     -2485.8119

 Time[sec]=
   55207950.000000000     
         0.7727
        10.7658
        20.7507
        30.7232
        40.6827
        50.6291
        60.5611
        70.4766
        80.3742
        90.2531
       100.1131
       109.9549
       119.7800
       129.5910
       139.3913
       149.1853
       158.9780
       168.7749
       178.5814
       188.4022
       198.2412
       208.1008
       217.9815
       227.8817
       237.7984
       247.7277
       257.6663
       267.6142
       277.5767
       287.5588
     -1836.0904
     -1862.2442
     -1889.1527
     -1917.0581
     -1945.6126
     -1974.8130
     -2005.0399
     -2036.5637
     -2069.6148
     -2104.3613
     -2140.8900
     -2179.1876
     -2219.1305
     -2260.4626
     -2302.7765
     -2345.5079
     -2387.9400
     -2429.2244
     -2468.4027
     -2504.4465
     -2536.3418
     -2563.1875
     -2584.2861
     -2599.2591
     -2608.1884
     -2611.7473
     -2611.2877
     -2608.8575
     -2606.9136
     -2607.2501

 Time[sec]=
   57836750.000000000     
         0.6654
        10.6581
        20.6421
        30.6131
        40.5702
        50.5136
        60.4418
        70.3526
        80.2447
        90.1170
        99.9694
       109.8027
       119.6185
       129.4195
       139.2093
       148.9925
       158.7744
       168.5609
       178.3574
       188.1692
       198.0001
       207.8527
       217.7275
       227.6229
       237.5357
       247.4616
       257.3973
       267.3427
       277.3033
       287.2845
     -1926.8757
     -1953.9905
     -1981.9026
     -2010.8710
     -2040.5260
     -2070.8610
     -2102.2770
     -2135.0581
     -2169.4455
     -2205.6154
     -2243.6588
     -2283.5612
     -2325.1927
     -2368.2838
     -2412.4072
     -2456.9711
     -2501.2245
     -2544.2781
     -2585.1278
     -2622.6966
     -2655.9219
     -2683.8583
     -2705.7730
     -2721.2679
     -2730.4264
     -2733.9520
     -2733.2602
     -2730.4970
     -2728.2402
     -2728.3744

 Time[sec]=
   60465550.000000000     
         0.5606
        10.5528
        20.5360
        30.5053
        40.4600
        50.4004
        60.3248
        70.2309
        80.1173
        89.9830
        99.8279
       109.6527
       119.4591
       129.2500
       139.0292
       148.8016
       158.5727
       168.3487
       178.1353
       187.9380
       197.7609
       207.6066
       217.4756
       227.3662
       237.2749
       247.1974
       257.1302
       267.0731
       277.0319
       287.0123
     -2017.6025
     -2045.6669
     -2074.5715
     -2104.5921
     -2135.3372
     -2166.7964
     -2199.3911
     -2233.4190
     -2269.1325
     -2306.7157
     -2346.2633
     -2387.7603
     -2431.0697
     -2475.9093
     -2521.8316
     -2568.2176
     -2614.2819
     -2659.0949
     -2701.6069
     -2740.6924
     -2775.2404
     -2804.2613
     -2826.9872
     -2842.9998
     -2852.3843
     -2855.8737
     -2854.9466
     -2851.8472
     -2849.2738
     -2849.2017

 Time[sec]=
   63094350.000000000     
         0.4580
        10.4498
        20.4320
        30.3997
        40.3521
        50.2894
        60.2099
        70.1113
        79.9921
        89.8511
        99.6884
       109.5045
       119.3015
       129.0823
       138.8509
       148.6125
       158.3728
       168.1383
       177.9150
       187.7086
       197.5235
       207.3622
       217.2254
       227.1112
       237.0160
       246.9352
       256.8650
       266.8054
       276.7624
       286.7419
     -2108.2701
     -2137.2733
     -2167.1599
     -2198.2227
     -2230.0481
     -2262.6215
     -2296.3852
     -2331.6502
     -2368.6801
     -2407.6667
     -2448.7089
     -2491.7905
     -2536.7681
     -2583.3462
     -2631.0573
     -2679.2554
     -2727.1210
     -2773.6840
     -2817.8496
     -2858.4440
     -2894.3080
     -2924.4076
     -2947.9400
     -2964.4668
     -2974.0744
     -2977.5252
     -2976.3604
     -2972.9222
     -2970.0290
     -2969.7468

 Time[sec]=
   65723150.000000000     
         0.3575
        10.3488
        20.3301
        30.2961
        40.2461
        50.1804
        60.0970
        69.9937
        79.8687
        89.7211
        99.5507
       109.3583
       119.1458
       128.9164
       138.6744
       148.4251
       158.1746
       167.9295
       177.6963
       187.4809
       197.2877
       207.1196
       216.9770
       226.8580
       236.7588
       246.6747
       256.6016
       266.5395
       276.4947
       286.4733
     -2198.8762
     -2228.8080
     -2259.6666
     -2291.7622
     -2324.6587
     -2358.3370
     -2393.2604
     -2429.7532
     -2468.0903
     -2508.4712
     -2550.9988
     -2595.6557
     -2642.2919
     -2690.5989
     -2740.0894
     -2790.0900
     -2839.7476
     -2888.0519
     -2933.8629
     -2975.9587
     -3013.1323
     -3044.3056
     -3068.6404
     -3085.6782
     -3095.5064
     -3098.9166
     -3097.5122
     -3093.7327
     -3090.5168
     -3090.0214

 Time[sec]=
   68351950.000000000     
         0.2589
        10.2497
        20.2301
        30.1945
        40.1421
        50.0732
        59.9860
        69.8779
        79.7472
        89.5928
        99.4147
       109.2136
       118.9917
       128.7521
       138.4995
       148.2392
       157.9778
       167.7222
       177.4792
       187.2547
       197.0535
       206.8784
       216.7301
       226.6063
       236.5033
       246.4158
       256.3398
       266.2752
       276.2285
       286.2063
     -2289.4196
     -2320.2705
     -2352.0917
     -2385.2111
     -2419.1699
     -2453.9444
     -2490.0187
     -2527.7307
     -2567.3662
     -2609.1328
     -2653.1369
     -2699.3603
     -2747.6462
     -2797.6732
     -2848.9338
     -2900.7280
     -2952.1688
     -3002.2059
     -3049.6546
     -3093.2450
     -3131.7223
     -3163.9643
     -3189.0979
     -3206.6439
     -3216.6908
     -3220.0588
     -3218.4131
     -3214.2903
     -3210.7493
     -3210.0379

 Time[sec]=
   70980750.000000000     
         0.1622
        10.1526
        20.1320
        30.0947
        40.0399
        49.9679
        59.8767
        69.7638
        79.6274
        89.4663
        99.2804
       109.0706
       118.8392
       128.5894
       138.3260
       148.0548
       157.7826
       167.5165
       177.2635
       187.0299
       196.8207
       206.6388
       216.4847
       226.3562
       236.2492
       246.1584
       256.0795
       266.0125
       275.9640
       285.9409
     -2379.8995
     -2411.6604
     -2444.4352
     -2478.5699
     -2513.5828
     -2549.4450
     -2586.6620
     -2625.5848
     -2666.5106
     -2709.6545
     -2755.1268
     -2802.9082
     -2852.8353
     -2904.5735
     -2957.5956
     -3011.1747
     -3064.3902
     -3116.1522
     -3165.2311
     -3210.3096
     -3250.0850
     -3283.3913
     -3309.3202
     -3327.3721
     -3337.6360
     -3340.9605
     -3339.0722
     -3334.6045
     -3330.7363
     -3329.8064

 Time[sec]=
   73609550.000000000     
         0.0672
        10.0571
        20.0356
        29.9966
        39.9394
        49.8642
        59.7691
        69.6514
        79.5091
        89.3412
        99.1476
       108.9291
       118.6881
       128.4281
       138.1539
       147.8718
       157.5887
       167.3120
       177.0491
       186.8064
       196.5892
       206.4005
       216.2406
       226.1075
       235.9966
       245.9025
       255.8207
       265.7512
       275.7009
       285.6770
     -2470.3153
     -2502.9773
     -2536.6973
     -2571.8393
     -2607.8983
     -2644.8403
     -2683.1920
     -2723.3179
     -2765.5260
     -2810.0393
     -2856.9718
     -2906.3032
     -2957.8632
     -3011.3043
     -3066.0796
     -3121.4353
     -3176.4175
     -3229.8967
     -3280.5988
     -3327.1591
     -3368.2274
     -3402.5939
     -3429.3151
     -3447.8708
     -3458.3504
     -3461.6303
     -3459.4985
     -3454.6846
     -3450.4874
     -3449.3368

 Time[sec]=
   76238350.000000000     
        -0.0261
         9.9633
        19.9408
        29.9002
        39.8405
        49.7621
        59.6631
        69.5405
        79.3924
        89.2177
        99.0162
       108.7890
       118.5384
       128.2681
       137.9832
       147.6901
       157.3960
       167.1088
       176.8359
       186.5842
       196.3590
       206.1634
       215.9979
       225.8600
       235.7453
       245.6479
       255.5633
       265.4913
       275.4392
       285.4144
     -2560.6670
     -2594.2219
     -2628.8788
     -2665.0205
     -2702.1182
     -2740.1325
     -2779.6114
     -2820.9327
     -2864.4158
     -2910.2909
     -2958.6761
     -3009.5497
     -3062.7349
     -3117.8709
     -3174.3913
     -3231.5158
     -3288.2569
     -3343.4459
     -3395.7646
     -3443.8009
     -3486.1572
     -3521.5801
     -3549.0909
     -3568.1485
     -3578.8427
     -3582.0774
     -3579.7014
     -3574.5404
     -3570.0125
     -3568.6394

 Time[sec]=
   78867150.000000000     
        -0.1178
         9.8711
        19.8477
        29.8053
        39.7431
        49.6616
        59.5585
        69.4310
        79.2771
        89.0955
        98.8862
       108.6502
       118.3899
       128.1093
       137.8137
       147.5096
       157.2045
       166.9067
       176.6239
       186.3632
       196.1300
       205.9276
       215.7564
       225.6138
       235.4952
       245.3946
       255.3072
       265.2327
       275.1788
       285.1531
     -2650.9509
     -2685.3907
     -2720.9770
     -2758.1110
     -2796.2402
     -2835.3196
     -2875.9185
     -2918.4282
     -2963.1790
     -3010.4088
     -3060.2393
     -3112.6478
     -3167.4505
     -3224.2739
     -3282.5317
     -3341.4172
     -3399.9098
     -3456.8016
     -3510.7304
     -3560.2370
     -3603.8768
     -3640.3526
     -3668.6504
     -3688.2085
     -3699.1164
     -3702.3056
     -3699.6849
     -3694.1758
     -3689.3161
     -3687.7188

 Time[sec]=
   81495950.000000000     
        -0.2083
         9.7802
        19.7557
        29.7116
        39.6469
        49.5622
        59.4551
        69.3227
        79.1629
        88.9745
        98.7573
       108.5124
       118.2425
       127.9515
       137.6451
       147.3299
       157.0140
       166.7055
       176.4128
       186.1431
       195.9019
       205.6927
       215.5157
       225.3686
       235.2462
       245.1423
       255.0520
       264.9751
       274.9194
       284.8928
     -2741.1272
     -2776.4447
     -2812.9530
     -2851.0726
     -2890.2270
     -2930.3653
     -2972.0779
     -3015.7697
     -3061.7818
     -3110.3600
     -3161.6293
     -3215.5659
     -3271.9794
     -3330.4832
     -3390.4715
     -3451.1110
     -3511.3484
     -3569.9368
     -3625.4700
     -3676.4421
     -3721.3614
     -3758.8872
     -3787.9704
     -3808.0281
     -3819.1496
     -3822.2934
     -3819.4283
     -3813.5712
     -3808.3790
     -3806.5565

 Time[sec]=
   84124750.000000000     
        -0.2972
         9.6908
        19.6654
        29.6195
        39.5524
        49.4644
        59.3532
        69.2159
        79.0502
        88.8548
        98.6297
       108.3760
       118.0964
       127.7950
       137.4777
       147.1515
       156.8246
       166.5056
       176.2029
       185.9241
       195.6750
       205.4590
       215.2764
       225.1246
       234.9984
       244.8913
       254.7982
       264.7188
       274.6613
       284.6339
     -2831.1712
     -2867.3587
     -2904.7815
     -2943.8793
     -2984.0523
     -3025.2430
     -3068.0627
     -3112.9299
     -3160.1968
     -3210.1165
     -3262.8179
     -3318.2757
     -3376.2929
     -3436.4699
     -3498.1813
     -3560.5678
     -3622.5430
     -3682.8212
     -3739.9528
     -3792.3853
     -3838.5799
     -3877.1527
     -3907.0191
     -3927.5753
     -3938.9101
     -3942.0085
     -3938.8990
     -3932.6935
     -3927.1680
     -3925.1191

 Time[sec]=
   86753550.000000000     
        -0.3848
         9.6027
        19.5763
        29.5287
        39.4590
        49.3677
        59.2525
        69.1103
        78.9386
        88.7363
        98.5032
       108.2406
       117.9513
       127.6395
       137.3113
       146.9741
       156.6361
       166.3065
       175.9939
       185.7061
       195.4490
       205.2262
       215.0380
       224.8816
       234.7515
       244.6412
       254.5453
       264.4635
       274.4042
       284.3760
     -2921.0893
     -2958.1398
     -2996.4700
     -3036.5395
     -3077.7250
     -3119.9620
     -3163.8828
     -3209.9194
     -3258.4348
     -3309.6899
     -3363.8170
     -3420.7897
     -3480.4040
     -3542.2475
     -3605.6753
     -3669.8019
     -3733.5084
     -3795.4704
     -3854.1949
     -3908.0830
     -3955.5494
     -3995.1664
     -4025.8145
     -4046.8685
     -4058.4167
     -4061.4701
     -4058.1166
     -4051.5627
     -4045.7035
     -4043.4274

 Time[sec]=
   89382350.000000000     
        -0.4710
         9.5159
        19.4885
        29.4392
        39.3669
        49.2724
        59.1531
        69.0058
        78.8282
        88.6189
        98.3779
       108.1063
       117.8072
       127.4850
       137.1459
       146.7976
       156.4486
       166.1084
       175.7858
       185.4890
       195.2240
       204.9944
       214.8006
       224.6396
       234.5058
       244.3923
       254.2936
       264.2093
       274.1483
       284.1191
     -3010.8789
     -3048.7854
     -3088.0162
     -3129.0507
     -3171.2426
     -3214.5201
     -3259.5360
     -3306.7358
     -3356.4938
     -3409.0782
     -3464.6248
     -3523.1059
     -3584.3108
     -3647.8141
     -3712.9516
     -3778.8116
     -3844.2429
     -3907.8826
     -3968.1946
     -4023.5337
     -4072.2680
     -4112.9267
     -4144.3549
     -4165.9062
     -4177.6677
     -4180.6767
     -4177.0796
     -4170.1774
     -4163.9842
     -4161.4801

 Time[sec]=
   92011150.000000000     
        -0.5561
         9.4304
        19.4020
        29.3508
        39.2760
        49.1782
        59.0548
        68.9025
        78.7189
        88.5026
        98.2536
       107.9731
       117.6641
       127.3315
       136.9815
       146.6220
       156.2620
       165.9111
       175.5786
       185.2727
       194.9998
       204.7635
       214.5641
       224.3985
       234.2610
       244.1443
       254.0428
       263.9561
       273.8933
       283.8633
     -3100.5442
     -3139.3002
     -3179.4249
     -3221.4183
     -3264.6108
     -3308.9233
     -3355.0285
     -3403.3860
     -3454.3808
     -3508.2886
     -3565.2487
     -3625.2322
     -3688.0214
     -3753.1782
     -3820.0189
     -3887.6060
     -3954.7559
     -4020.0675
     -4081.9618
     -4138.7476
     -4188.7464
     -4230.4444
     -4262.6514
     -4284.6995
     -4296.6747
     -4299.6398
     -4295.8000
     -4288.5499
     -4282.0223
     -4279.2897

 Time[sec]=
   94639950.000000000     
        -0.6400
         9.3460
        19.3166
        29.2637
        39.1863
        49.0851
        58.9576
        68.8003
        78.6106
        88.3873
        98.1302
       107.8407
       117.5219
       127.1788
       136.8178
       146.4472
       156.0762
       165.7146
       175.3722
       185.0573
       194.7765
       204.5334
       214.3284
       224.1583
       234.0170
       243.8972
       253.7929
       263.7038
       273.6392
       283.6083
     -3190.0832
     -3229.6822
     -3270.6946
     -3313.6407
     -3357.8284
     -3403.1705
     -3450.3596
     -3499.8692
     -3552.0951
     -3607.3207
     -3665.6887
     -3727.1686
     -3791.5361
     -3858.3401
     -3926.8777
     -3996.1857
     -4065.0481
     -4132.0261
     -4195.4976
     -4253.7258
     -4304.9860
     -4347.7210
     -4380.7057
     -4403.2504
     -4415.4396
     -4418.3618
     -4414.2799
     -4406.6823
     -4399.8205
     -4396.8589

 Time[sec]=
   97268750.000000000     
        -0.7228
         9.2626
        19.2322
        29.1775
        39.0975
        48.9930
        58.8614
        68.6990
        78.5033
        88.2729
        98.0077
       107.7092
       117.3806
       127.0269
       136.6549
       146.2731
       155.8910
       165.5189
       175.1665
       184.8426
       194.5538
       204.3041
       214.0935
       223.9189
       233.7739
       243.6509
       253.5438
       263.4523
       273.3859
       283.3542
     -3279.4950
     -3319.9309
     -3361.8247
     -3405.7178
     -3450.8954
     -3497.2619
     -3545.5296
     -3596.1859
     -3649.6377
     -3706.1756
     -3765.9458
     -3828.9164
     -3894.8563
     -3963.3015
     -4033.5300
     -4104.5527
     -4175.1218
     -4243.7606
     -4308.8045
     -4368.4711
     -4420.9894
     -4464.7595
     -4498.5207
     -4521.5619
     -4533.9658
     -4536.8460
     -4532.5230
     -4524.5786
     -4517.3826
     -4514.1919

 Time[sec]=
   99897550.000000000     
        -0.8045
         9.1803
        19.1489
        29.0924
        39.0098
        48.9019
        58.7661
        68.5986
        78.3969
        88.1594
        97.8861
       107.5785
       117.2400
       126.8757
       136.4928
       146.0998
       155.7066
       165.3238
       174.9614
       184.6285
       194.3319
       204.0754
       213.8594
       223.6802
       233.5315
       243.4054
       253.2956
       263.2016
       273.1335
       283.1009
     -3368.7821
     -3410.0490
     -3452.8183
     -3497.6527
     -3543.8151
     -3591.2011
     -3640.5422
     -3692.3401
     -3747.0126
     -3804.8576
     -3866.0245
     -3930.4803
     -3997.9869
     -4068.0674
     -4139.9808
     -4212.7124
     -4284.9825
     -4355.2768
     -4421.8885
     -4482.9895
     -4536.7631
     -4581.5663
     -4616.1033
     -4639.6410
     -4652.2603
     -4655.0996
     -4650.5366
     -4642.2461
     -4634.7161
     -4631.2961

 Time[sec]=
   102526350.00000000     
        -0.8852
         9.0991
        19.0666
        29.0083
        38.9231
        48.8119
        58.6718
        68.4992
        78.2914
        88.0467
        97.7653
       107.4487
       117.1002
       126.7254
       136.3314
       145.9272
       155.5229
       165.1294
       174.7571
       184.4152
       194.1107
       203.8476
       213.6260
       223.4423
       233.2900
       243.1607
       253.0481
       262.9518
       272.8819
       282.8485
     -3457.9464
     -3500.0385
     -3543.6776
     -3589.4478
     -3636.5901
     -3684.9906
     -3735.4003
     -3788.3349
     -3844.2230
     -3903.3699
     -3965.9284
     -4031.8639
     -4100.9315
     -4172.6417
     -4246.2341
     -4320.6688
     -4394.6343
     -4466.5790
     -4534.7538
     -4597.2855
     -4652.3116
     -4698.1461
     -4733.4581
     -4757.4923
     -4770.3279
     -4773.1274
     -4768.3256
     -4759.6899
     -4751.8263
     -4748.1770

 Time[sec]=
   105155150.00000000     
        -0.9650
         9.0189
        18.9853
        28.9252
        38.8373
        48.7227
        58.5785
        68.4007
        78.1867
        87.9349
        97.6453
       107.3196
       116.9612
       126.5757
       136.1706
       145.7552
       155.3399
       164.9357
       174.5534
       184.2025
       193.8902
       203.6203
       213.3932
       223.2051
       233.0491
       242.9168
       252.8015
       262.7028
       272.6311
       282.5968
     -3546.9865
     -3589.8982
     -3634.4015
     -3681.1023
     -3729.2197
     -3778.6303
     -3830.1037
     -3884.1701
     -3941.2689
     -4001.7128
     -4065.6578
     -4133.0678
     -4203.6910
     -4277.0252
     -4352.2911
     -4428.4233
     -4504.0788
     -4577.6688
     -4647.4023
     -4711.3611
     -4767.6370
     -4814.5012
     -4850.5874
     -4875.1186
     -4888.1713
     -4890.9324
     -4885.8932
     -4876.9132
     -4868.7164
     -4864.8379

 Time[sec]=
   107783950.00000000     
        -1.0437
         8.9396
        18.9050
        28.8430
        38.7525
        48.6345
        58.4860
        68.3031
        78.0829
        87.8239
        97.5261
       107.1912
       116.8228
       126.4267
       136.0106
       145.5839
       155.1574
       164.7426
       174.3504
       183.9905
       193.6702
       203.3938
       213.1612
       222.9686
       232.8090
       242.6736
       252.5555
       262.4545
       272.3810
       282.3459
     -3635.9033
     -3679.6293
     -3724.9914
     -3772.6177
     -3821.7056
     -3872.1216
     -3924.6542
     -3979.8479
     -4038.1527
     -4099.8887
     -4165.2152
     -4234.0945
     -4306.2681
     -4381.2209
     -4458.1547
     -4535.9789
     -4613.3191
     -4688.5495
     -4759.8375
     -4825.2199
     -4882.7429
     -4930.6353
     -4967.4952
     -4992.5237
     -5005.7947
     -5008.5187
     -5003.2434
     -4993.9203
     -4985.3909
     -4981.2833

 Time[sec]=
   110412750.00000000     
        -1.1215
         8.8612
        18.8256
        28.7618
        38.6686
        48.5471
        58.3944
        68.2063
        77.9799
        87.7138
        97.4077
       107.0636
       116.6852
       126.2784
       135.8512
       145.4132
       154.9756
       164.5501
       174.1479
       183.7791
       193.4510
       203.1679
       212.9298
       222.7328
       232.5696
       242.4311
       252.3103
       262.2069
       272.1317
       282.0957
     -3724.6990
     -3769.2340
     -3815.4497
     -3863.9966
     -3914.0505
     -3965.4677
     -4019.0550
     -4075.3713
     -4134.8776
     -4197.9010
     -4264.6042
     -4334.9478
     -4408.6666
     -4485.2326
     -4563.8289
     -4643.3397
     -4722.3594
     -4799.2255
     -4872.0637
     -4938.8662
     -4997.6340
     -5046.5531
     -5084.1864
     -5109.7126
     -5123.2029
     -5125.8914
     -5120.3815
     -5110.7164
     -5101.8551
     -5097.5187

 Time[sec]=
   113041550.00000000     
        -1.1984
         8.7838
        18.7471
        28.6815
        38.5856
        48.4607
        58.3036
        68.1103
        77.8778
        87.6044
        97.2901
       106.9368
       116.5483
       126.1308
       135.6924
       145.2432
       154.7944
       164.3582
       173.9461
       183.5682
       193.2323
       202.9426
       212.6991
       222.4977
       232.3308
       242.1893
       252.0659
       261.9601
       271.8831
       281.8463
     -3813.3723
     -3858.7112
     -3905.7754
     -3955.2380
     -4006.2537
     -4058.6678
     -4113.3054
     -4170.7399
     -4231.4432
     -4295.7495
     -4363.8246
     -4435.6277
     -4510.8865
     -4589.0605
     -4669.3140
     -4750.5061
     -4831.2003
     -4909.6973
     -4984.0817
     -5052.3011
     -5112.3113
     -5162.2556
     -5200.6619
     -5226.6863
     -5240.3972
     -5243.0518
     -5237.3089
     -5227.3030
     -5218.1106
     -5213.5457

 Time[sec]=
   115670350.00000000     
        -1.2744
         8.7073
        18.6695
        28.6020
        38.5034
        48.3750
        58.2137
        68.0151
        77.7764
        87.4957
        97.1731
       106.8106
       116.4121
       125.9838
       135.5343
       145.0737
       154.6138
       164.1669
       173.7448
       183.3580
       193.0142
       202.7179
       212.4690
       222.2632
       232.0927
       241.9482
       251.8221
       261.7139
       271.6352
       281.5975
     -3901.9256
     -3948.0634
     -3995.9711
     -4046.3449
     -4098.3181
     -4151.7250
     -4207.4088
     -4265.9573
     -4327.8532
     -4393.4379
     -4462.8804
     -4536.1382
     -4612.9321
     -4692.7091
     -4774.6145
     -4857.4828
     -4939.8465
     -5019.9699
     -5095.8964
     -5165.5296
     -5226.7799
     -5277.7483
     -5316.9274
     -5343.4507
     -5357.3834
     -5360.0057
     -5354.0316
     -5343.6862
     -5334.1634
     -5329.3706

 Time[sec]=
   118299150.00000000     
        -1.3495
         8.6315
        18.5927
        28.5233
        38.4221
        48.2902
        58.1245
        67.9207
        77.6756
        87.3877
        97.0568
       106.6850
       116.2764
       125.8374
       135.3767
       144.9047
       154.4337
       163.9760
       173.5440
       183.1482
       192.7966
       202.4937
       212.2394
       222.0293
       231.8552
       241.7077
       251.5789
       261.4684
       271.3879
       281.3493
     -3990.3578
     -4037.2897
     -4086.0362
     -4137.3165
     -4190.2432
     -4244.6391
     -4301.3649
     -4361.0233
     -4424.1076
     -4490.9665
     -4561.7718
     -4636.4797
     -4714.8039
     -4796.1787
     -4879.7311
     -4964.2705
     -5048.2989
     -5130.0443
     -5207.5091
     -5278.5529
     -5341.0411
     -5393.0326
     -5432.9842
     -5460.0071
     -5474.1631
     -5476.7550
     -5470.5513
     -5459.8679
     -5450.0157
     -5444.9955

 Time[sec]=
   120927950.00000000     
        -1.4239
         8.5566
        18.5167
        28.4455
        38.3415
        48.2061
        58.0360
        67.8269
        77.5756
        87.2803
        96.9411
       106.5600
       116.1413
       125.6915
       135.2196
       144.7363
       154.2540
       163.7857
       173.3437
       182.9389
       192.5796
       202.2701
       212.0104
       221.7959
       231.6183
       241.4677
       251.3363
       261.2234
       271.1412
       281.1018
     -4078.6697
     -4126.3912
     -4175.9718
     -4228.1543
     -4282.0305
     -4337.4115
     -4395.1753
     -4455.9396
     -4520.2082
     -4588.3369
     -4660.5008
     -4736.6541
     -4816.5038
     -4899.4717
     -4984.6659
     -5070.8715
     -5156.5598
     -5239.9228
     -5318.9222
     -5391.3735
     -5455.0978
     -5508.1110
     -5548.8352
     -5576.3585
     -5590.7393
     -5593.3024
     -5586.8710
     -5575.8511
     -5565.6705
     -5560.4235

 Time[sec]=
   123556750.00000000     
        -1.4975
         8.4825
        18.4415
        28.3683
        38.2616
        48.1227
        57.9483
        67.7339
        77.4763
        87.1736
        96.8260
       106.4356
       116.0067
       125.5461
       135.0629
       144.5683
       154.0749
       163.5958
       173.1438
       182.7301
       192.3630
       202.0469
       211.7819
       221.5630
       231.3819
       241.2284
       251.0942
       260.9791
       270.8951
       280.8549
     -4166.8613
     -4215.3677
     -4265.7779
     -4318.8583
     -4373.6802
     -4430.0426
     -4488.8407
     -4550.7068
     -4616.1558
     -4685.5503
     -4759.0683
     -4836.6627
     -4918.0333
     -5002.5894
     -5089.4206
     -5177.2876
     -5264.6311
     -5349.6074
     -5430.1377
     -5503.9938
     -5568.9519
     -5622.9861
     -5664.4828
     -5692.5074
     -5707.1144
     -5709.6509
     -5702.9937
     -5691.6388
     -5681.1309
     -5675.6578

 Time[sec]=
   126185550.00000000     
        -1.5703
         8.4091
        18.3671
        28.2920
        38.1825
        48.0400
        57.8612
        67.6415
        77.3776
        87.0675
        96.7116
       106.3117
       115.8726
       125.4012
       134.9068
       144.4008
       153.8961
       163.4063
       172.9444
       182.5217
       192.1468
       201.8242
       211.5538
       221.3307
       231.1461
       240.9895
       250.8528
       260.7353
       270.6496
       280.6085
     -4254.9323
     -4304.2191
     -4355.4544
     -4409.4285
     -4465.1926
     -4522.5327
     -4582.3612
     -4645.3255
     -4711.9508
     -4782.6070
     -4857.4752
     -4936.5061
     -5019.3931
     -5105.5327
     -5193.9961
     -5283.5196
     -5372.5137
     -5459.0992
     -5541.1567
     -5616.4148
     -5682.6050
     -5737.6592
     -5779.9283
     -5808.4552
     -5823.2901
     -5825.8018
     -5818.9208
     -5807.2326
     -5796.3985
     -5790.7001

 Time[sec]=
   128814350.00000000     
        -1.6424
         8.3364
        18.2933
        28.2163
        38.1040
        47.9580
        57.7748
        67.5497
        77.2794
        86.9620
        96.5976
       106.1884
       115.7391
       125.2568
       134.7511
       144.2337
       153.7178
       163.2172
       172.7453
       182.3137
       191.9311
       201.6020
       211.3262
       221.0988
       230.9107
       240.7512
       250.6118
       260.4920
       270.4046
       280.3627
     -4342.8836
     -4392.9467
     -4445.0028
     -4499.8667
     -4556.5691
     -4614.8836
     -4675.7390
     -4739.7976
     -4807.5955
     -4879.5096
     -4955.7237
     -5036.1871
     -5120.5859
     -5208.3043
     -5298.3953
     -5389.5706
     -5480.2110
     -5568.4014
     -5651.9828
     -5728.6401
     -5796.0605
     -5852.1339
     -5895.1758
     -5924.2059
     -5939.2704
     -5941.7593
     -5934.6566
     -5922.6368
     -5911.4777
     -5905.5548

 Time[sec]=
   131443150.00000000     
        -1.7138
         8.2645
        18.2202
        28.1413
        38.0263
        47.8766
        57.6890
        67.4586
        77.1819
        86.8571
        96.4842
       106.0656
       115.6060
       125.1129
       134.5959
       144.0670
       153.5399
       163.0286
       172.5467
       182.1062
       191.7158
       201.3802
       211.0991
       220.8674
       230.6758
       240.5134
       250.3714
       260.2493
       270.1602
       280.1174
     -4430.7171
     -4481.5522
     -4534.4249
     -4590.1746
     -4647.8120
     -4707.0973
     -4768.9760
     -4834.1254
     -4903.0922
     -4976.2603
     -5053.8164
     -5135.7079
     -5221.6142
     -5310.9069
     -5402.6208
     -5495.4434
     -5587.7255
     -5677.5170
     -5762.6187
     -5840.6725
     -5909.3214
     -5966.4132
     -6010.2280
     -6039.7625
     -6055.0583
     -6057.5265
     -6050.2041
     -6037.8545
     -6026.3717
     -6020.2251

 Time[sec]=
   134071950.00000000     
        -1.7845
         8.1932
        18.1478
        28.0670
        37.9492
        47.7959
        57.6039
        67.3681
        77.0849
        86.7527
        96.3713
       105.9433
       115.4734
       124.9693
       134.4410
       143.9008
       153.3623
       162.8403
       172.3485
       181.8990
       191.5009
       201.1588
       210.8724
       220.6364
       230.4414
       240.2761
       250.1315
       260.0071
       269.9162
       279.8726
     -4518.4326
     -4570.0357
     -4623.7209
     -4680.3525
     -4738.9215
     -4799.1744
     -4862.0729
     -4928.3095
     -4998.4417
     -5072.8600
     -5151.7541
     -5235.0698
     -5322.4793
     -5413.3418
     -5506.6739
     -5601.1392
     -5695.0588
     -5786.4474
     -5873.0661
     -5952.5139
     -6022.3896
     -6080.4991
     -6125.0872
     -6155.1270
     -6170.6559
     -6173.1056
     -6165.5657
     -6152.8881
     -6141.0829
     -6134.7137

 Time[sec]=
   136700750.00000000     
        -1.8545
         8.1226
        18.0761
        27.9933
        37.8727
        47.7158
        57.5193
        67.2781
        76.9886
        86.6488
        96.2589
       105.8214
       115.3413
       124.8262
       134.2866
       143.7349
       153.1852
       162.6524
       172.1506
       181.6922
       191.2863
       200.9378
       210.6461
       220.4059
       230.2075
       240.0392
       249.8921
       259.7653
       269.6728
       279.6283
     -4606.0309
     -4658.3979
     -4712.8917
     -4770.4015
     -4829.8988
     -4891.1159
     -4955.0309
     -5022.3514
     -5093.6452
     -5169.3101
     -5249.5385
     -5334.2742
     -5423.1826
     -5515.6106
     -5610.5565
     -5706.6601
     -5802.2129
     -5895.1947
     -5983.3272
     -6064.1664
     -6135.2673
     -6194.3939
     -6239.7554
     -6270.3020
     -6286.0658
     -6288.4992
     -6280.7439
     -6267.7402
     -6255.6140
     -6249.0231

 Time[sec]=
   139329550.00000000     
        -1.9238
         8.0526
        18.0050
        27.9203
        37.7969
        47.6364
        57.4354
        67.1887
        76.8927
        86.5454
        96.1470
       105.7000
       115.2096
       124.6836
       134.1326
       143.5693
       153.0084
       162.4648
       171.9531
       181.4858
       191.0722
       200.7171
       210.4203
       220.1758
       229.9739
       239.8028
       249.6531
       259.5241
       269.4298
       279.3844
     -4693.5118
     -4746.6388
     -4801.9373
     -4860.3217
     -4920.7440
     -4982.9223
     -5047.8505
     -5116.2514
     -5188.7035
     -5265.6114
     -5347.1702
     -5433.3219
     -5523.7252
     -5617.7142
     -5714.2695
     -5812.0070
     -5909.1887
     -6003.7599
     -6093.4029
     -6175.6311
     -6247.9557
     -6308.0987
     -6354.2342
     -6385.2886
     -6401.2891
     -6403.7085
     -6395.7401
     -6382.4122
     -6369.9665
     -6363.1550

 Time[sec]=
   141958350.00000000     
        -1.9925
         7.9833
        17.9346
        27.8479
        37.7216
        47.5575
        57.3520
        67.0999
        76.7974
        86.4426
        96.0356
       105.5791
       115.0783
       124.5413
       133.9789
       143.4042
       152.8320
       162.2776
       171.7559
       181.2797
       190.8584
       200.4969
       210.1948
       219.9462
       229.7409
       239.5669
       249.4146
       259.2833
       269.1873
       279.1411
     -4780.8754
     -4834.7587
     -4890.8580
     -4950.1133
     -5011.4574
     -5074.5939
     -5140.5319
     -5210.0100
     -5283.6170
     -5361.7642
     -5444.6498
     -5532.2137
     -5624.1075
     -5719.6534
     -5817.8136
     -5917.1806
     -6015.9872
     -6112.1440
     -6203.2943
     -6286.9091
     -6360.4558
     -6421.6148
     -6468.5246
     -6500.0880
     -6516.3273
     -6518.7348
     -6510.5557
     -6496.9056
     -6484.1417
     -6477.1107

 Time[sec]=
   144587150.00000000     
        -2.0606
         7.9147
        17.8648
        27.7762
        37.6470
        47.4792
        57.2692
        67.0116
        76.7026
        86.3403
        95.9247
       105.4586
       114.9474
       124.3994
       133.8256
       143.2394
       152.6559
       162.0907
       171.5591
       181.0740
       190.6450
       200.2771
       209.9697
       219.7169
       229.5083
       239.3314
       249.1766
       259.0430
       268.9453
       278.8982
     -4868.1236
     -4922.7594
     -4979.6557
     -5039.7785
     -5102.0414
     -5166.1330
     -5233.0779
     -5303.6298
     -5378.3883
     -5457.7716
     -5541.9802
     -5630.9524
     -5724.3329
     -5821.4313
     -5921.1922
     -6022.1845
     -6122.6118
     -6220.3506
     -6313.0052
     -6398.0042
     -6472.7716
     -6534.9461
     -6582.6306
     -6614.7045
     -6631.1844
     -6633.5825
     -6625.1950
     -6611.2246
     -6598.1441
     -6590.8947

 Time[sec]=
   147215950.00000000     
        -2.1281
         7.8466
        17.7956
        27.7050
        37.5730
        47.4015
        57.1869
        66.9238
        76.6083
        86.2384
        95.8142
       105.3385
       114.8169
       124.2579
       133.6727
       143.0749
       152.4801
       161.9041
       171.3625
       180.8685
       190.4318
       200.0575
       209.7450
       219.4880
       229.2760
       239.0963
       248.9389
       258.8031
       268.7037
       278.6558
     -4955.2558
     -5010.6404
     -5068.3303
     -5129.3171
     -5192.4959
     -5257.5396
     -5325.4882
     -5397.1110
     -5473.0178
     -5553.6337
     -5639.1618
     -5729.5386
     -5824.4017
     -5923.0486
     -6024.4059
     -6127.0192
     -6229.0633
     -6328.3805
     -6422.5363
     -6508.9173
     -6584.9040
     -6648.0935
     -6696.5534
     -6729.1391
     -6745.8617
     -6748.2527
     -6739.6591
     -6725.3706
     -6711.9751
     -6704.5086

 Time[sec]=
   149844750.00000000     
        -2.1950
         7.7790
        17.7270
        27.6344
        37.4995
        47.3243
        57.1051
        66.8365
        76.5145
        86.1369
        95.7041
       105.2188
       114.6868
       124.1167
       133.5200
       142.9107
       152.3045
       161.7178
       171.1663
       180.6634
       190.2190
       199.8383
       209.5206
       219.2595
       229.0441
       238.8616
       248.7017
       258.5636
       268.4625
       278.4138
     -5042.2721
     -5098.4021
     -5156.8818
     -5218.7294
     -5282.8211
     -5348.8142
     -5417.7636
     -5490.4540
     -5567.5060
     -5649.3511
     -5736.1953
     -5827.9729
     -5924.3147
     -6024.5059
     -6127.4555
     -6231.6857
     -6335.3426
     -6436.2345
     -6531.8886
     -6619.6494
     -6696.8541
     -6761.0583
     -6810.2940
     -6843.3930
     -6860.3603
     -6862.7466
     -6853.9494
     -6839.3449
     -6825.6360
     -6817.9535

 Time[sec]=
   152473550.00000000     
        -2.2613
         7.7121
        17.6589
        27.5643
        37.4265
        47.2476
        57.0239
        66.7497
        76.4211
        86.0359
        95.5944
       105.0995
       114.5571
       123.9759
       133.3677
       142.7468
       152.1293
       161.5318
       170.9703
       180.4585
       190.0065
       199.6194
       209.2965
       219.0313
       228.8126
       238.6272
       248.4648
       258.3245
       268.2217
       278.1721
     -5129.1734
     -5186.0452
     -5245.3113
     -5308.0164
     -5373.0181
     -5439.9578
     -5509.9050
     -5583.6601
     -5661.8541
     -5744.9251
     -5833.0819
     -5926.2567
     -6024.0733
     -6125.8048
     -6230.3426
     -6336.1856
     -6441.4514
     -6543.9146
     -6641.0639
     -6730.2023
     -6808.6237
     -6873.8422
     -6923.8544
     -6957.4680
     -6974.6822
     -6977.0663
     -6968.0679
     -6953.1495
     -6939.1289
     -6931.2317

 Time[sec]=
   155102350.00000000     
        -2.3271
         7.6457
        17.5913
        27.4948
        37.3541
        47.1714
        56.9431
        66.6634
        76.3282
        85.9353
        95.4852
       104.9806
       114.4276
       123.8353
       133.2157
       142.5832
       151.9544
       161.3461
       170.7746
       180.2539
       189.7943
       199.4008
       209.0728
       218.8034
       228.5814
       238.3933
       248.2284
       258.0858
       267.9813
       277.9309
     -5215.9600
     -5273.5701
     -5333.6193
     -5397.1787
     -5463.0877
     -5530.9712
     -5601.9133
     -5676.7301
     -5756.0630
     -5840.3569
     -5929.8228
     -6024.3911
     -6123.6788
     -6226.9466
     -6333.0684
     -6440.5201
     -6547.3910
     -6651.4219
     -6750.0637
     -6840.5776
     -6920.2145
     -6986.4470
     -7037.2364
     -7071.3661
     -7088.8292
     -7091.2135
     -7082.0165
     -7066.7863
     -7052.4557
     -7044.3451

 Time[sec]=
   157731150.00000000     
        -2.3923
         7.5799
        17.5243
        27.4257
        37.2821
        47.0957
        56.8628
        66.5775
        76.2357
        85.8351
        95.3763
       104.8620
       114.2986
       123.6951
       133.0639
       142.4199
       151.7797
       161.1606
       170.5792
       180.0496
       189.5823
       199.1825
       208.8493
       218.5759
       228.3506
       238.1597
       247.9923
       257.8475
       267.7413
       277.6901
     -5302.6322
     -5360.9774
     -5421.8062
     -5486.2168
     -5553.0304
     -5621.8552
     -5693.7894
     -5769.6650
     -5850.1338
     -5935.6473
     -6026.4191
     -6122.3774
     -6223.1323
     -6327.9325
     -6435.6342
     -6544.6907
     -6653.1628
     -6758.7582
     -6858.8896
     -6950.7768
     -7031.6280
     -7098.8744
     -7150.4416
     -7185.0889
     -7202.8031
     -7205.1902
     -7195.7971
     -7180.2574
     -7165.6185
     -7157.2958

 Time[sec]=
   160359950.00000000     
        -2.4570
         7.5146
        17.4579
        27.3572
        37.2107
        47.0206
        56.7830
        66.4921
        76.1436
        85.7354
        95.2677
       104.7438
       114.1698
       123.5552
       132.9125
       142.2568
       151.6052
       160.9753
       170.3839
       179.8455
       189.3706
       198.9644
       208.6262
       218.3487
       228.1201
       237.9264
       247.7565
       257.6096
       267.5017
       277.4496
     -5389.1903
     -5448.2674
     -5509.8725
     -5575.1313
     -5642.8467
     -5712.6101
     -5785.5337
     -5862.4653
     -5944.0671
     -6030.7971
     -6122.8713
     -6220.2162
     -6322.4346
     -6428.7632
     -6538.0410
     -6648.6983
     -6758.7679
     -6865.9243
     -6967.5425
     -7060.8011
     -7142.8654
     -7211.1254
     -7263.4711
     -7298.6376
     -7316.6051
     -7318.9975
     -7309.4108
     -7293.5639
     -7278.6184
     -7270.0851
