-0.0387908 0.00626816
-0.0288021 0.00581132
-0.0188152 0.00535912
-0.00882929 0.00491464
0.0011559 0.00447933
0.0111396 0.00405522
0.0211214 0.00364503
0.0311018 0.0032509
0.0410815 0.00287417
0.051061 0.00251572
0.0610407 0.00217625
0.0710211 0.00185647
0.0810025 0.00155705
0.0909862 0.00127783
0.100973 0.00101664
0.110963 0.000770287
0.120953 0.000537568
0.130943 0.000318747
0.140934 0.000114186
0.150926 -7.59565e-05
0.160918 -0.000251662
0.170911 -0.000413118
0.180905 -0.000560699
0.1909 -0.000694899
0.200897 -0.00081634
0.210895 -0.000925684
0.220896 -0.00102357
0.230898 -0.0011107
0.240902 -0.0011877
0.250908 -0.00125519
0.260916 -0.00131379
0.270927 -0.00136406
0.280939 -0.00140653
0.290954 -0.00144172
0.30097 -0.00147012
0.310989 -0.00149216
0.32101 -0.00150832
0.331033 -0.00151902
0.341057 -0.00152464
0.351084 -0.00152557
0.361112 -0.00152218
0.371143 -0.00151483
0.381175 -0.00150386
0.391209 -0.00148956
0.401244 -0.00147225
0.411282 -0.00145219
0.42132 -0.00142967
0.431361 -0.00140492
0.441403 -0.0013782
0.451446 -0.00134974
0.46149 -0.00131975
0.471536 -0.00128843
0.481583 -0.00125597
0.491632 -0.00122252
0.501681 -0.00118829
0.511732 -0.00115342
0.521783 -0.00111803
0.531836 -0.00108229
0.541889 -0.0010463
0.551943 -0.00101017
0.561999 -0.000974023
0.572055 -0.000937963
0.582111 -0.000902087
0.592169 -0.000866484
0.602227 -0.000831233
0.612286 -0.000796407
0.622345 -0.000762068
0.632405 -0.000728266
0.642466 -0.000695061
0.652526 -0.000662508
0.662588 -0.000630649
0.67265 -0.000599532
0.682712 -0.000569203
0.692774 -0.000539669
0.702837 -0.00051096
0.7129 -0.000483118
0.722964 -0.000456152
0.733027 -0.000430088
0.743091 -0.000404941
0.753155 -0.000380705
0.763219 -0.000357401
0.773284 -0.00033503
0.783348 -0.000313603
0.793413 -0.000293123
0.803478 -0.000273574
0.813542 -0.000254945
0.823607 -0.000237231
0.833672 -0.000220434
0.843737 -0.000204542
0.853801 -0.000189546
0.863866 -0.000175429
0.873931 -0.000162182
0.883996 -0.000149797
0.89406 -0.000138245
0.904125 -0.000127508
0.914189 -0.000117568
0.924254 -0.000108409
0.934318 -0.000100013
0.944383 -9.23555e-05
0.954447 -8.5408e-05
0.964511 -7.91508e-05
0.974575 -7.35681e-05
0.984639 -6.8628e-05
0.994702 -6.43051e-05
1.00477 -6.0578e-05
1.01483 -5.74243e-05
1.02489 -5.482e-05
1.03496 -5.27372e-05
1.04502 -5.1153e-05
1.05508 -5.00409e-05
1.06514 -4.93787e-05
1.07521 -4.91487e-05
1.08527 -4.93241e-05
1.09533 -4.98777e-05
1.10539 -5.07871e-05
1.11546 -5.20282e-05
1.12552 -5.35839e-05
1.13558 -5.54323e-05
1.14564 -5.75494e-05
1.1557 -5.99127e-05
1.16576 -6.24974e-05
1.17582 -6.52917e-05
1.18588 -6.82784e-05
1.19595 -7.14356e-05
1.20601 -7.47438e-05
1.21607 -7.81821e-05
1.22613 -8.1735e-05
1.23619 -8.53881e-05
1.24625 -8.91251e-05
1.25631 -9.29299e-05
1.26637 -9.67868e-05
1.27643 -0.000100681
1.28649 -0.000104601
1.29655 -0.000108534
1.30661 -0.000112472
1.31667 -0.000116402
1.32673 -0.000120315
1.33679 -0.000124195
1.34685 -0.000128032
1.3569 -0.000131826
1.36696 -0.000135567
1.37702 -0.000139242
1.38708 -0.000142844
1.39714 -0.000146372
1.4072 -0.00014982
1.41726 -0.00015318
1.42732 -0.000156447
1.43738 -0.00015962
1.44744 -0.000162689
1.45749 -0.000165654
1.46755 -0.000168513
1.47761 -0.000171262
1.48767 -0.000173902
1.49773 -0.000176433
1.50779 -0.000178849
1.51785 -0.000181147
1.5279 -0.000183332
1.53796 -0.000185406
1.54802 -0.000187364
1.55808 -0.000189206
1.56814 -0.000190935
1.5782 -0.000192553
1.58826 -0.00019406
1.59831 -0.000195459
1.60837 -0.00019675
1.61843 -0.000197932
1.62849 -0.000199008
1.63855 -0.000199984
1.64861 -0.000200862
1.65867 -0.000201641
1.66872 -0.000202321
1.67878 -0.00020291
1.68884 -0.00020341
1.6989 -0.00020382
1.70896 -0.000204145
1.71902 -0.000204393
1.72908 -0.000204563
1.73913 -0.000204658
1.74919 -0.00020468
1.75925 -0.000204632
1.76931 -0.000204519
1.77937 -0.000204344
1.78943 -0.000204109
1.79949 -0.000203819
1.80954 -0.000203475
1.8196 -0.000203079
1.82966 -0.000202638
1.83972 -0.000202154
1.84978 -0.000201625
1.85984 -0.000201059
1.8699 -0.00020046
1.87996 -0.000199829
1.89002 -0.000199171
1.90007 -0.000198483
1.91013 -0.000197767
1.92019 -0.000197032
1.93025 -0.000196277
1.94031 -0.000195502
1.95037 -0.000194711
1.96043 -0.000193912
1.97049 -0.000193102
1.98055 -0.000192287
1.99061 -0.000191469
2.00066 -0.000190644
2.01072 -0.000189817
2.02078 -0.00018899
2.03084 -0.000188164
2.0409 -0.000187343
2.05096 -0.000186526
2.06102 -0.000185717
2.07108 -0.000184918
2.08114 -0.000184127
2.0912 -0.000183346
2.10126 -0.000182576
2.11131 -0.000181821
2.12137 -0.000181084
2.13143 -0.000180362
2.14149 -0.000179655
2.15155 -0.000178966
2.16161 -0.000178295
2.17167 -0.000177645
2.18173 -0.000177015
2.19179 -0.000176407
2.20185 -0.000175819
2.21191 -0.000175255
2.22197 -0.000174712
2.23202 -0.000174193
2.24208 -0.000173699
2.25214 -0.000173232
2.2622 -0.00017279
2.27226 -0.000172369
2.28232 -0.000171972
2.29238 -0.000171596
2.30244 -0.000171244
2.3125 -0.000170919
2.32256 -0.000170617
2.33262 -0.000170338
2.34268 -0.000170081
2.35274 -0.000169848
2.36279 -0.000169637
2.37285 -0.000169446
2.38291 -0.000169275
2.39297 -0.000169125
2.40303 -0.000168996
2.41309 -0.000168887
2.42315 -0.000168798
2.43321 -0.000168728
2.44327 -0.000168675
2.45333 -0.000168641
2.46339 -0.000168625
2.47345 -0.000168625
2.4835 -0.000168641
2.49356 -0.000168672
2.50362 -0.000168717
2.51368 -0.000168777
2.52374 -0.000168849
2.5338 -0.000168933
2.54386 -0.00016903
2.55392 -0.000169136
2.56398 -0.000169251
2.57404 -0.000169377
2.5841 -0.000169515
2.59416 -0.000169661
2.60421 -0.000169816
2.61427 -0.000169978
2.62433 -0.000170148
2.63439 -0.000170323
2.64445 -0.000170501
2.65451 -0.000170684
2.66457 -0.000170872
2.67463 -0.000171063
2.68469 -0.000171257
2.69475 -0.000171451
2.70481 -0.000171646
2.71486 -0.00017184
2.72492 -0.000172035
2.73498 -0.000172231
2.74504 -0.000172427
2.7551 -0.000172624
2.76516 -0.00017282
2.77522 -0.000173013
2.78528 -0.000173205
2.79534 -0.000173395
2.8054 -0.000173582
2.81546 -0.000173768
2.82551 -0.000173953
2.83557 -0.000174134
2.84563 -0.000174312
2.85569 -0.000174489
2.86575 -0.000174665
2.87581 -0.000174837
2.88587 -0.000175004
2.89593 -0.000175168
2.90599 -0.000175328
2.91605 -0.000175486
2.92611 -0.00017564
2.93616 -0.00017579
2.94622 -0.000175935
2.95628 -0.000176076
2.96634 -0.000176213
2.9764 -0.000176348
2.98646 -0.000176481
2.99652 -0.000176608
3.00658 -0.000176731
3.01664 -0.000176846
3.0267 -0.000176956
3.03675 -0.000177062
3.04681 -0.000177163
3.05687 -0.000177257
3.06693 -0.000177347
3.07699 -0.000177431
3.08705 -0.00017751
3.09711 -0.000177586
3.10717 -0.000177658
3.11723 -0.000177724
3.12729 -0.000177786
3.13734 -0.000177843
3.1474 -0.000177895
3.15746 -0.000177944
3.16752 -0.000177989
3.17758 -0.00017803
3.18764 -0.000178064
3.1977 -0.000178095
3.20776 -0.000178122
3.21782 -0.000178145
3.22788 -0.000178165
3.23793 -0.00017818
3.24799 -0.000178189
3.25805 -0.000178193
3.26811 -0.000178194
3.27817 -0.000178188
3.28823 -0.000178179
3.29829 -0.000178168
3.30835 -0.000178153
3.31841 -0.000178134
3.32847 -0.00017811
3.33852 -0.000178082
3.34858 -0.000178053
3.35864 -0.000178022
3.3687 -0.000177988
3.37876 -0.000177952
3.38882 -0.000177913
3.39888 -0.000177871
3.40894 -0.000177826
3.419 -0.000177779
3.42906 -0.000177729
3.43912 -0.000177676
3.44917 -0.000177623
3.45923 -0.000177568
3.46929 -0.000177513
3.47935 -0.000177456
3.48941 -0.000177396
3.49947 -0.000177334
3.50953 -0.000177273
3.51959 -0.000177213
3.52965 -0.000177153
3.53971 -0.000177091
3.54976 -0.000177029
3.55982 -0.000176967
3.56988 -0.000176905
3.57994 -0.000176843
3.59 -0.000176784
3.60006 -0.000176725
3.61012 -0.000176666
3.62018 -0.000176609
3.63024 -0.000176553
3.6403 -0.000176498
3.65035 -0.000176443
3.66041 -0.000176391
3.67047 -0.000176339
3.68053 -0.000176286
3.69059 -0.000176234
3.70065 -0.000176187
3.71071 -0.000176142
3.72077 -0.000176098
3.73083 -0.000176054
3.74089 -0.000176012
3.75095 -0.000175973
3.761 -0.000175936
3.77106 -0.0001759
3.78112 -0.000175865
3.79118 -0.000175831
3.80124 -0.000175799
3.8113 -0.000175767
3.82136 -0.000175737
3.83142 -0.000175711
3.84148 -0.000175685
3.85154 -0.000175658
3.86159 -0.000175633
3.87165 -0.000175611
3.88171 -0.000175594
3.89177 -0.000175578
3.90183 -0.000175562
3.91189 -0.000175548
3.92195 -0.000175534
3.93201 -0.000175522
3.94207 -0.000175513
3.95213 -0.000175505
3.96219 -0.000175496
3.97224 -0.000175489
3.9823 -0.000175483
3.99236 -0.000175478
4.00242 -0.000175476
4.01248 -0.000175475
4.02254 -0.000175471
4.0326 -0.000175466
4.04266 -0.000175466
4.05272 -0.000175467
4.06278 -0.000175467
4.07283 -0.000175468
4.08289 -0.00017547
4.09295 -0.000175473
4.10301 -0.000175476
4.11307 -0.000175479
4.12313 -0.000175483
4.13319 -0.000175487
4.14325 -0.000175492
4.15331 -0.000175496
4.16337 -0.000175501
4.17342 -0.000175506
4.18348 -0.000175511
4.19354 -0.000175516
4.2036 -0.000175523
4.21366 -0.000175531
4.22372 -0.00017554
4.23378 -0.000175549
4.24384 -0.000175556
4.2539 -0.000175564
4.26396 -0.000175575
4.27401 -0.000175589
4.28407 -0.000175603
4.29413 -0.000175617
4.30419 -0.000175629
4.31425 -0.000175641
4.32431 -0.000175654
4.33437 -0.000175668
4.34443 -0.000175684
4.35449 -0.0001757
4.36455 -0.000175716
4.37461 -0.000175734
4.38466 -0.000175751
4.39472 -0.000175768
4.40478 -0.000175786
4.41484 -0.000175804
4.4249 -0.000175823
4.43496 -0.000175841
4.44502 -0.000175858
4.45508 -0.000175874
4.46514 -0.00017589
4.4752 -0.000175906
4.48525 -0.000175921
4.49531 -0.000175936
4.50537 -0.000175952
4.51543 -0.000175968
4.52549 -0.000175985
4.53555 -0.000176001
4.54561 -0.000176016
4.55567 -0.00017603
4.56573 -0.000176045
4.57579 -0.00017606
4.58584 -0.000176075
4.5959 -0.000176089
4.60596 -0.000176102
4.61602 -0.000176112
4.62608 -0.00017612
4.63614 -0.000176128
4.6462 -0.000176138
4.65626 -0.000176147
4.66632 -0.000176155
4.67638 -0.000176164
4.68643 -0.00017617
4.69649 -0.000176175
4.70655 -0.000176178
4.71661 -0.000176182
4.72667 -0.000176186
4.73673 -0.00017619
4.74679 -0.000176193
4.75685 -0.000176194
4.76691 -0.000176197
4.77697 -0.000176201
4.78702 -0.000176203
4.79708 -0.000176205
4.80714 -0.000176208
4.8172 -0.000176207
4.82726 -0.000176204
4.83732 -0.000176202
4.84738 -0.0001762
4.85744 -0.000176198
4.8675 -0.000176195
4.87756 -0.000176189
4.88761 -0.000176183
4.89767 -0.000176178
4.90773 -0.000176172
4.91779 -0.000176165
4.92785 -0.000176158
4.93791 -0.000176153
4.94797 -0.000176149
4.95803 -0.000176145
4.96809 -0.000176141
4.97815 -0.000176139
4.9882 -0.000176137
4.99826 -0.000176134
5.00832 -0.000176131
5.01838 -0.00017613
5.02844 -0.00017613
5.0385 -0.000176129
5.04856 -0.000176126
5.05862 -0.000176125
5.06868 -0.000176125
5.07874 -0.000176125
5.08879 -0.000176122
5.09885 -0.000176118
5.10891 -0.000176115
5.11897 -0.000176111
5.12903 -0.000176109
5.13909 -0.000176106
5.14915 -0.000176102
5.15921 -0.000176098
5.16927 -0.000176095
5.17933 -0.000176093
5.18938 -0.000176093
5.19944 -0.000176094
5.2095 -0.000176092
5.21956 -0.000176091
5.22962 -0.00017609
5.23968 -0.000176089
5.24974 -0.000176088
5.2598 -0.000176087
5.26986 -0.000176087
5.27992 -0.000176085
5.28997 -0.000176085
5.30003 -0.000176084
5.31009 -0.000176083
5.32015 -0.000176081
5.33021 -0.00017608
5.34027 -0.000176079
5.35033 -0.000176076
5.36039 -0.000176073
5.37045 -0.000176069
5.38051 -0.000176066
5.39056 -0.000176063
5.40062 -0.000176059
5.41068 -0.000176057
5.42074 -0.000176055
5.4308 -0.00017605
5.44086 -0.000176044
5.45092 -0.000176037
5.46098 -0.00017603
5.47104 -0.000176023
5.4811 -0.000176014
5.49115 -0.000176006
5.50121 -0.000176
5.51127 -0.000175994
5.52133 -0.000175988
5.53139 -0.000175984
5.54145 -0.000175981
5.55151 -0.000175977
5.56157 -0.000175973
5.57163 -0.000175969
5.58169 -0.000175965
5.59174 -0.000175961
5.6018 -0.000175957
5.61186 -0.000175954
5.62192 -0.000175951
5.63198 -0.000175947
5.64204 -0.000175942
5.6521 -0.000175937
5.66216 -0.000175931
5.67222 -0.000175925
5.68228 -0.00017592
5.69233 -0.000175914
5.70239 -0.000175908
5.71245 -0.000175903
5.72251 -0.000175898
5.73257 -0.000175893
5.74263 -0.00017589
5.75269 -0.00017589
5.76275 -0.000175889
5.77281 -0.000175887
5.78287 -0.000175885
5.79292 -0.000175885
5.80298 -0.000175886
5.81304 -0.000175888
5.8231 -0.000175891
5.83316 -0.000175895
5.84322 -0.000175897
5.85328 -0.000175897
5.86334 -0.000175895
5.8734 -0.000175893
5.88345 -0.000175892
5.89351 -0.00017589
5.90357 -0.00017589
5.91363 -0.000175889
5.92369 -0.000175888
5.93375 -0.000175888
5.94381 -0.000175888
5.95387 -0.000175886
5.96393 -0.000175886
5.97399 -0.000175887
5.98404 -0.000175885
5.9941 -0.000175884
6.00416 -0.000175885
6.01422 -0.000175886
6.02428 -0.000175887
6.03434 -0.000175889
6.0444 -0.00017589
6.05446 -0.000175891
6.06452 -0.000175893
6.07458 -0.000175893
6.08463 -0.000175893
6.09469 -0.000175894
6.10475 -0.000175897
6.11481 -0.0001759
6.12487 -0.000175903
6.13493 -0.000175903
6.14499 -0.000175902
6.15505 -0.0001759
6.16511 -0.000175897
6.17517 -0.000175896
6.18522 -0.000175896
6.19528 -0.000175895
6.20534 -0.000175894
6.2154 -0.000175894
6.22546 -0.000175896
6.23552 -0.000175896
6.24558 -0.000175894
6.25564 -0.000175895
6.2657 -0.000175897
6.27575 -0.0001759
6.28581 -0.000175903
6.29587 -0.000175903
6.30593 -0.000175904
6.31599 -0.000175908
6.32605 -0.000175913
6.33611 -0.000175914
6.34617 -0.000175913
6.35623 -0.000175912
6.36629 -0.000175914
6.37634 -0.000175917
6.3864 -0.000175919
6.39646 -0.000175918
6.40652 -0.000175918
6.41658 -0.000175918
6.42664 -0.000175919
6.4367 -0.00017592
6.44676 -0.000175919
6.45682 -0.000175917
6.46688 -0.000175914
6.47693 -0.00017591
6.48699 -0.000175907
6.49705 -0.000175905
6.50711 -0.000175902
6.51717 -0.0001759
6.52723 -0.0001759
6.53729 -0.0001759
6.54735 -0.0001759
6.55741 -0.000175901
6.56746 -0.000175901
6.57752 -0.000175901
6.58758 -0.000175903
6.59764 -0.000175903
6.6077 -0.000175901
6.61776 -0.0001759
6.62782 -0.000175899
6.63788 -0.000175896
6.64794 -0.000175892
6.658 -0.000175888
6.66805 -0.000175882
6.67811 -0.000175875
6.68817 -0.000175868
6.69823 -0.000175862
6.70829 -0.000175856
6.71835 -0.000175849
6.72841 -0.000175843
6.73847 -0.000175836
6.74853 -0.000175829
6.75858 -0.000175826
6.76864 -0.000175822
6.7787 -0.000175817
6.78876 -0.000175814
6.79882 -0.000175812
6.80888 -0.000175807
6.81894 -0.000175802
6.829 -0.000175798
6.83906 -0.000175793
6.84912 -0.000175789
6.85917 -0.000175783
6.86923 -0.000175778
6.87929 -0.000175773
6.88935 -0.000175768
6.89941 -0.000175761
6.90947 -0.000175755
6.91953 -0.00017575
6.92959 -0.000175746
6.93965 -0.000175742
6.94971 -0.000175737
6.95976 -0.000175732
6.96982 -0.000175729
6.97988 -0.000175726
6.98994 -0.000175724
7 -0.000175723
