-0.0173275 0.00411554
-0.00733095 0.0038657
0.00266476 0.00361792
0.0126599 0.00337356
0.0226548 0.00313328
0.032649 0.00289782
0.0426423 0.00266828
0.0526349 0.00244556
0.0626269 0.00223034
0.0726186 0.00202301
0.0826101 0.0018239
0.0926017 0.00163328
0.102593 0.00145141
0.112585 0.00127855
0.122578 0.00111484
0.132572 0.000959889
0.142567 0.000812542
0.152562 0.00067202
0.162558 0.000538145
0.172554 0.000410923
0.18255 0.000290429
0.192546 0.000176674
0.202543 6.95871e-05
0.212539 -3.09394e-05
0.222536 -0.000125073
0.232534 -0.000212989
0.242532 -0.00029485
0.25253 -0.000370878
0.262529 -0.00044129
0.272529 -0.00050629
0.282529 -0.000566125
0.29253 -0.000621013
0.302532 -0.000671167
0.312534 -0.000716803
0.322537 -0.000758114
0.332541 -0.000795288
0.342545 -0.000828537
0.35255 -0.000858049
0.362556 -0.000883987
0.372563 -0.000906536
0.382571 -0.000925868
0.392579 -0.000942165
0.402588 -0.000955597
0.412598 -0.000966301
0.422609 -0.000974437
0.43262 -0.000980157
0.442632 -0.000983592
0.452645 -0.000984887
0.462658 -0.000984174
0.472672 -0.000981598
0.482687 -0.000977277
0.492703 -0.000971328
0.502719 -0.000963869
0.512735 -0.000954989
0.522753 -0.000944822
0.532771 -0.000933463
0.542789 -0.00092099
0.552808 -0.000907509
0.562828 -0.000893099
0.572848 -0.000877837
0.582869 -0.000861805
0.59289 -0.000845088
0.602911 -0.000827761
0.612934 -0.000809897
0.622956 -0.000791561
0.632979 -0.000772815
0.643002 -0.000753713
0.653026 -0.000734299
0.66305 -0.000714632
0.673074 -0.000694769
0.683099 -0.000674752
0.693124 -0.000654635
0.70315 -0.000634471
0.713175 -0.000614275
0.723201 -0.000594088
0.733228 -0.000573964
0.743254 -0.000553926
0.753281 -0.000534015
0.763308 -0.000514261
0.773335 -0.000494677
0.783363 -0.000475301
0.79339 -0.000456154
0.803418 -0.000437269
0.813446 -0.000418666
0.823474 -0.000400353
0.833502 -0.00038234
0.843531 -0.000364647
0.853559 -0.000347298
0.863588 -0.000330304
0.873617 -0.000313681
0.883646 -0.000297436
0.893675 -0.000281586
0.903704 -0.000266146
0.913733 -0.000251113
0.923763 -0.000236493
0.933792 -0.000222295
0.943821 -0.000208525
0.953851 -0.00019519
0.96388 -0.000182292
0.97391 -0.000169824
0.983939 -0.000157792
0.993969 -0.000146204
1.004 -0.00013505
1.01403 -0.000124328
1.02406 -0.00011404
1.03409 -0.000104185
1.04412 -9.47606e-05
1.05415 -8.57594e-05
1.06418 -7.71789e-05
1.07421 -6.90128e-05
1.08424 -6.1258e-05
1.09427 -5.39153e-05
1.10429 -4.69759e-05
1.11432 -4.043e-05
1.12435 -3.42714e-05
1.13438 -2.84919e-05
1.14441 -2.30895e-05
1.15444 -1.80564e-05
1.16447 -1.33819e-05
1.1745 -9.05681e-06
1.18453 -5.06831e-06
1.19456 -1.41618e-06
1.20459 1.90609e-06
1.21462 4.91107e-06
1.22465 7.6091e-06
1.23467 1.00127e-05
1.2447 1.21297e-05
1.25473 1.39678e-05
1.26476 1.55371e-05
1.27479 1.6848e-05
1.28482 1.79115e-05
1.29485 1.87376e-05
1.30488 1.9335e-05
1.3149 1.97123e-05
1.32493 1.98762e-05
1.33496 1.98373e-05
1.34499 1.96042e-05
1.35502 1.9191e-05
1.36504 1.86077e-05
1.37507 1.78555e-05
1.3851 1.6944e-05
1.39513 1.58886e-05
1.40516 1.46964e-05
1.41518 1.33726e-05
1.42521 1.19239e-05
1.43524 1.03617e-05
1.44527 8.69376e-06
1.45529 6.92609e-06
1.46532 5.0704e-06
1.47535 3.13197e-06
1.48538 1.11702e-06
1.4954 -9.66216e-07
1.50543 -3.11379e-06
1.51546 -5.32181e-06
1.52549 -7.57739e-06
1.53551 -9.87349e-06
1.54554 -1.22094e-05
1.55557 -1.45809e-05
1.56559 -1.69782e-05
1.57562 -1.93946e-05
1.58565 -2.18288e-05
1.59568 -2.42752e-05
1.6057 -2.6728e-05
1.61573 -2.91851e-05
1.62576 -3.16408e-05
1.63578 -3.40872e-05
1.64581 -3.65218e-05
1.65584 -3.89439e-05
1.66586 -4.13512e-05
1.67589 -4.37355e-05
1.68592 -4.60912e-05
1.69594 -4.84196e-05
1.70597 -5.07193e-05
1.716 -5.29832e-05
1.72602 -5.5209e-05
1.73605 -5.74005e-05
1.74608 -5.9552e-05
1.7561 -6.16597e-05
1.76613 -6.3723e-05
1.77615 -6.57374e-05
1.78618 -6.77048e-05
1.79621 -6.96233e-05
1.80623 -7.14898e-05
1.81626 -7.3305e-05
1.82629 -7.50669e-05
1.83631 -7.67714e-05
1.84634 -7.8423e-05
1.85637 -8.00208e-05
1.86639 -8.15572e-05
1.87642 -8.3038e-05
1.88644 -8.44642e-05
1.89647 -8.58332e-05
1.9065 -8.71463e-05
1.91652 -8.83995e-05
1.92655 -8.95905e-05
1.93658 -9.07251e-05
1.9466 -9.18031e-05
1.95663 -9.28188e-05
1.96666 -9.37773e-05
1.97668 -9.46819e-05
1.98671 -9.5529e-05
1.99673 -9.63234e-05
2.00676 -9.70653e-05
2.01679 -9.77496e-05
2.02681 -9.83795e-05
2.03684 -9.89568e-05
2.04687 -9.94818e-05
2.05689 -9.9957e-05
2.06692 -0.000100381
2.07694 -0.000100757
2.08697 -0.000101086
2.097 -0.000101368
2.10702 -0.000101604
2.11705 -0.000101793
2.12708 -0.000101942
2.1371 -0.000102053
2.14713 -0.000102122
2.15716 -0.000102151
2.16718 -0.000102142
2.17721 -0.000102098
2.18724 -0.000102019
2.19726 -0.000101909
2.20729 -0.000101767
2.21731 -0.000101594
2.22734 -0.000101394
2.23737 -0.000101166
2.24739 -0.000100913
2.25742 -0.000100638
2.26745 -0.000100343
2.27747 -0.000100027
2.2875 -9.96892e-05
2.29753 -9.93317e-05
2.30755 -9.89544e-05
2.31758 -9.85605e-05
2.32761 -9.81543e-05
2.33763 -9.77339e-05
2.34766 -9.73005e-05
2.35769 -9.68538e-05
2.36771 -9.63973e-05
2.37774 -9.59314e-05
2.38776 -9.54541e-05
2.39779 -9.49677e-05
2.40782 -9.44749e-05
2.41784 -9.39772e-05
2.42787 -9.34743e-05
2.4379 -9.29679e-05
2.44792 -9.24585e-05
2.45795 -9.19466e-05
2.46798 -9.14342e-05
2.478 -9.09211e-05
2.48803 -9.04079e-05
2.49806 -8.98963e-05
2.50808 -8.93857e-05
2.51811 -8.88765e-05
2.52814 -8.83709e-05
2.53816 -8.78683e-05
2.54819 -8.73691e-05
2.55822 -8.68752e-05
2.56824 -8.63846e-05
2.57827 -8.5898e-05
2.5883 -8.54185e-05
2.59832 -8.4947e-05
2.60835 -8.44834e-05
2.61838 -8.40272e-05
2.6284 -8.35789e-05
2.63843 -8.31403e-05
2.64846 -8.27077e-05
2.65848 -8.22816e-05
2.66851 -8.18656e-05
2.67854 -8.14581e-05
2.68856 -8.10601e-05
2.69859 -8.06713e-05
2.70862 -8.029e-05
2.71864 -7.99166e-05
2.72867 -7.95519e-05
2.7387 -7.91963e-05
2.74872 -7.88516e-05
2.75875 -7.85184e-05
2.76878 -7.81963e-05
2.7788 -7.78846e-05
2.78883 -7.75828e-05
2.79886 -7.72912e-05
2.80888 -7.70098e-05
2.81891 -7.67396e-05
2.82894 -7.6482e-05
2.83896 -7.62358e-05
2.84899 -7.60008e-05
2.85902 -7.5778e-05
2.86904 -7.55677e-05
2.87907 -7.53705e-05
2.8891 -7.51844e-05
2.89912 -7.50089e-05
2.90915 -7.4845e-05
2.91918 -7.46925e-05
2.9292 -7.45529e-05
2.93923 -7.44247e-05
2.94926 -7.43073e-05
2.95929 -7.42009e-05
2.96931 -7.4105e-05
2.97934 -7.40209e-05
2.98937 -7.39496e-05
2.99939 -7.389e-05
3.00942 -7.38407e-05
3.01945 -7.38004e-05
3.02947 -7.37673e-05
3.0395 -7.37431e-05
3.04953 -7.37297e-05
3.05955 -7.37238e-05
3.06958 -7.37256e-05
3.07961 -7.37366e-05
3.08963 -7.37548e-05
3.09966 -7.37808e-05
3.10969 -7.3816e-05
3.11971 -7.38587e-05
3.12974 -7.39083e-05
3.13977 -7.39649e-05
3.14979 -7.40274e-05
3.15982 -7.40965e-05
3.16985 -7.41722e-05
3.17987 -7.42547e-05
3.1899 -7.43421e-05
3.19993 -7.44328e-05
3.20995 -7.45295e-05
3.21998 -7.46311e-05
3.23001 -7.47366e-05
3.24003 -7.48464e-05
3.25006 -7.49597e-05
3.26009 -7.50742e-05
3.27011 -7.51903e-05
3.28014 -7.5309e-05
3.29016 -7.54279e-05
3.30019 -7.55487e-05
3.31022 -7.56726e-05
3.32024 -7.57983e-05
3.33027 -7.59245e-05
3.3403 -7.60507e-05
3.35032 -7.61768e-05
3.36035 -7.63048e-05
3.37038 -7.64343e-05
3.3804 -7.65639e-05
3.39043 -7.66937e-05
3.40046 -7.68221e-05
3.41048 -7.695e-05
3.42051 -7.7077e-05
3.43054 -7.72025e-05
3.44056 -7.73264e-05
3.45059 -7.74488e-05
3.46062 -7.75709e-05
3.47064 -7.76928e-05
3.48067 -7.78136e-05
3.4907 -7.79318e-05
3.50072 -7.80466e-05
3.51075 -7.81591e-05
3.52078 -7.82712e-05
3.5308 -7.83837e-05
3.54083 -7.84944e-05
3.55086 -7.86016e-05
3.56088 -7.8707e-05
3.57091 -7.88109e-05
3.58094 -7.89127e-05
3.59096 -7.90132e-05
3.60099 -7.91129e-05
3.61102 -7.92102e-05
3.62104 -7.9305e-05
3.63107 -7.9399e-05
3.6411 -7.94912e-05
3.65112 -7.9581e-05
3.66115 -7.96683e-05
3.67118 -7.97538e-05
3.6812 -7.98365e-05
3.69123 -7.99148e-05
3.70126 -7.99908e-05
3.71128 -8.00677e-05
3.72131 -8.01435e-05
3.73134 -8.02153e-05
3.74136 -8.02839e-05
3.75139 -8.0351e-05
3.76142 -8.04175e-05
3.77144 -8.04817e-05
3.78147 -8.05421e-05
3.7915 -8.05998e-05
3.80152 -8.06558e-05
3.81155 -8.07087e-05
3.82157 -8.07583e-05
3.8316 -8.08062e-05
3.84163 -8.08524e-05
3.85165 -8.08955e-05
3.86168 -8.09339e-05
3.87171 -8.09694e-05
3.88173 -8.10049e-05
3.89176 -8.10403e-05
3.90179 -8.10735e-05
3.91181 -8.11035e-05
3.92184 -8.11304e-05
3.93187 -8.11536e-05
3.94189 -8.11749e-05
3.95192 -8.11953e-05
3.96195 -8.12134e-05
3.97197 -8.12277e-05
3.982 -8.12397e-05
3.99203 -8.125e-05
4.00205 -8.12582e-05
4.01208 -8.12657e-05
4.02211 -8.12705e-05
4.03213 -8.12691e-05
4.04216 -8.12644e-05
4.05219 -8.12603e-05
4.06221 -8.1255e-05
4.07224 -8.12462e-05
4.08227 -8.12351e-05
4.09229 -8.12231e-05
4.10232 -8.12093e-05
4.11235 -8.11927e-05
4.12237 -8.11745e-05
4.1324 -8.11541e-05
4.14243 -8.11316e-05
4.15245 -8.11073e-05
4.16248 -8.10814e-05
4.17251 -8.10539e-05
4.18253 -8.10251e-05
4.19256 -8.09945e-05
4.20259 -8.09627e-05
4.21261 -8.09307e-05
4.22264 -8.08989e-05
4.23267 -8.08669e-05
4.24269 -8.08335e-05
4.25272 -8.07976e-05
4.26274 -8.07613e-05
4.27277 -8.07269e-05
4.2828 -8.06933e-05
4.29282 -8.06603e-05
4.30285 -8.06277e-05
4.31288 -8.0593e-05
4.3229 -8.05564e-05
4.33293 -8.05213e-05
4.34296 -8.04875e-05
4.35298 -8.04542e-05
4.36301 -8.04215e-05
4.37304 -8.03896e-05
4.38306 -8.0358e-05
4.39309 -8.03262e-05
4.40312 -8.02947e-05
4.41314 -8.02643e-05
4.42317 -8.02345e-05
4.4332 -8.02049e-05
4.44322 -8.01753e-05
4.45325 -8.01451e-05
4.46328 -8.01147e-05
4.4733 -8.00851e-05
4.48333 -8.00561e-05
4.49336 -8.00267e-05
4.50338 -7.99984e-05
4.51341 -7.99712e-05
4.52344 -7.99446e-05
4.53346 -7.99189e-05
4.54349 -7.98942e-05
4.55352 -7.98697e-05
4.56354 -7.98448e-05
4.57357 -7.98211e-05
4.5836 -7.97992e-05
4.59362 -7.97771e-05
4.60365 -7.97546e-05
4.61368 -7.97329e-05
4.6237 -7.971e-05
4.63373 -7.96853e-05
4.64376 -7.96614e-05
4.65378 -7.96402e-05
4.66381 -7.96199e-05
4.67384 -7.95993e-05
4.68386 -7.95798e-05
4.69389 -7.95596e-05
4.70392 -7.95379e-05
4.71394 -7.95165e-05
4.72397 -7.94958e-05
4.73399 -7.94764e-05
4.74402 -7.94577e-05
4.75405 -7.94396e-05
4.76407 -7.94222e-05
4.7741 -7.94063e-05
4.78413 -7.93917e-05
4.79415 -7.93762e-05
4.80418 -7.93616e-05
4.81421 -7.93486e-05
4.82423 -7.93337e-05
4.83426 -7.93174e-05
4.84429 -7.93025e-05
4.85431 -7.92891e-05
4.86434 -7.92763e-05
4.87437 -7.92629e-05
4.88439 -7.9248e-05
4.89442 -7.92332e-05
4.90445 -7.92198e-05
4.91447 -7.9207e-05
4.9245 -7.91947e-05
4.93453 -7.91832e-05
4.94455 -7.91737e-05
4.95458 -7.91669e-05
4.96461 -7.91604e-05
4.97463 -7.91547e-05
4.98466 -7.91512e-05
4.99469 -7.91487e-05
5.00471 -7.91458e-05
5.01474 -7.91439e-05
5.02477 -7.91449e-05
5.03479 -7.91469e-05
5.04482 -7.91482e-05
5.05485 -7.91491e-05
5.06487 -7.91516e-05
5.0749 -7.9156e-05
5.08493 -7.91607e-05
5.09495 -7.91637e-05
5.10498 -7.91659e-05
5.11501 -7.91695e-05
5.12503 -7.91738e-05
5.13506 -7.91791e-05
5.14508 -7.91846e-05
5.15511 -7.91888e-05
5.16514 -7.91932e-05
5.17516 -7.91995e-05
5.18519 -7.92072e-05
5.19522 -7.92169e-05
5.20524 -7.92276e-05
5.21527 -7.9237e-05
5.2253 -7.92468e-05
5.23532 -7.92577e-05
5.24535 -7.92681e-05
5.25538 -7.9278e-05
5.2654 -7.92889e-05
5.27543 -7.92997e-05
5.28546 -7.93101e-05
5.29548 -7.93217e-05
5.30551 -7.93343e-05
5.31554 -7.93454e-05
5.32556 -7.93556e-05
5.33559 -7.93675e-05
5.34562 -7.9379e-05
5.35564 -7.93892e-05
5.36567 -7.93989e-05
5.3757 -7.9408e-05
5.38572 -7.94172e-05
5.39575 -7.94267e-05
5.40578 -7.9436e-05
5.4158 -7.94464e-05
5.42583 -7.94567e-05
5.43586 -7.94656e-05
5.44588 -7.94725e-05
5.45591 -7.94783e-05
5.46594 -7.94844e-05
5.47596 -7.94884e-05
5.48599 -7.94913e-05
5.49602 -7.94959e-05
5.50604 -7.95017e-05
5.51607 -7.95071e-05
5.52609 -7.95127e-05
5.53612 -7.9521e-05
5.54615 -7.95304e-05
5.55617 -7.95383e-05
5.5662 -7.95453e-05
5.57623 -7.95521e-05
5.58625 -7.95589e-05
5.59628 -7.9566e-05
5.60631 -7.95725e-05
5.61633 -7.95796e-05
5.62636 -7.95868e-05
5.63639 -7.95928e-05
5.64641 -7.95984e-05
5.65644 -7.96034e-05
5.66647 -7.96067e-05
5.67649 -7.96095e-05
5.68652 -7.96129e-05
5.69655 -7.96164e-05
5.70657 -7.96195e-05
5.7166 -7.96227e-05
5.72663 -7.96254e-05
5.73665 -7.96284e-05
5.74668 -7.96335e-05
5.75671 -7.96406e-05
5.76673 -7.96469e-05
5.77676 -7.96516e-05
5.78679 -7.96567e-05
5.79681 -7.96626e-05
5.80684 -7.96696e-05
5.81687 -7.96781e-05
5.82689 -7.96873e-05
5.83692 -7.96963e-05
5.84695 -7.97036e-05
5.85697 -7.9709e-05
5.867 -7.97122e-05
5.87703 -7.97149e-05
5.88705 -7.97181e-05
5.89708 -7.9721e-05
5.9071 -7.97243e-05
5.91713 -7.97271e-05
5.92716 -7.97294e-05
5.93718 -7.97321e-05
5.94721 -7.9734e-05
5.95724 -7.97352e-05
5.96726 -7.97379e-05
5.97729 -7.97406e-05
5.98732 -7.97409e-05
5.99734 -7.97412e-05
6.00737 -7.97432e-05
6.0174 -7.97454e-05
6.02742 -7.97472e-05
6.03745 -7.9749e-05
6.04748 -7.97502e-05
6.0575 -7.97513e-05
6.06753 -7.97525e-05
6.07756 -7.97523e-05
6.08758 -7.97511e-05
6.09761 -7.9751e-05
6.10764 -7.97525e-05
6.11766 -7.97537e-05
6.12769 -7.97542e-05
6.13772 -7.97527e-05
6.14774 -7.97497e-05
6.15777 -7.97454e-05
6.1678 -7.97399e-05
6.17782 -7.97361e-05
6.18785 -7.97338e-05
6.19788 -7.97307e-05
6.2079 -7.97266e-05
6.21793 -7.97233e-05
6.22795 -7.97217e-05
6.23798 -7.97186e-05
6.24801 -7.97135e-05
6.25803 -7.97107e-05
6.26806 -7.97099e-05
6.27809 -7.9709e-05
6.28811 -7.9707e-05
6.29814 -7.97032e-05
6.30817 -7.96998e-05
6.31819 -7.96994e-05
6.32822 -7.96995e-05
6.33825 -7.96963e-05
6.34827 -7.96911e-05
6.3583 -7.96864e-05
6.36833 -7.96833e-05
6.37835 -7.96818e-05
6.38838 -7.96791e-05
6.39841 -7.96743e-05
6.40843 -7.9669e-05
6.41846 -7.9665e-05
6.42849 -7.96624e-05
6.43851 -7.96595e-05
6.44854 -7.96546e-05
6.45857 -7.96482e-05
6.46859 -7.96408e-05
6.47862 -7.96328e-05
6.48865 -7.96256e-05
6.49867 -7.96197e-05
6.5087 -7.96144e-05
6.51873 -7.96094e-05
6.52875 -7.96059e-05
6.53878 -7.96029e-05
6.5488 -7.95999e-05
6.55883 -7.95975e-05
6.56886 -7.95941e-05
6.57888 -7.95906e-05
6.58891 -7.95889e-05
6.59894 -7.95867e-05
6.60896 -7.95827e-05
6.61899 -7.95797e-05
6.62902 -7.95769e-05
6.63904 -7.95717e-05
6.64907 -7.9566e-05
6.6591 -7.95601e-05
6.66912 -7.95524e-05
6.67915 -7.95431e-05
6.68918 -7.95342e-05
6.6992 -7.95263e-05
6.70923 -7.95188e-05
6.71926 -7.95112e-05
6.72928 -7.95036e-05
6.73931 -7.94961e-05
6.74934 -7.94889e-05
6.75936 -7.94848e-05
6.76939 -7.94816e-05
6.77942 -7.94767e-05
6.78944 -7.94737e-05
6.79947 -7.94709e-05
6.8095 -7.94665e-05
6.81952 -7.9462e-05
6.82955 -7.94577e-05
6.83957 -7.94537e-05
6.8496 -7.94495e-05
6.85963 -7.94441e-05
6.86965 -7.94392e-05
6.87968 -7.94352e-05
6.88971 -7.94299e-05
6.89973 -7.94238e-05
6.90976 -7.9418e-05
6.91979 -7.94134e-05
6.92981 -7.94094e-05
6.93984 -7.94055e-05
6.94987 -7.94016e-05
6.95989 -7.93967e-05
6.96992 -7.93937e-05
6.97995 -7.93916e-05
6.98997 -7.93898e-05
7 -7.93895e-05
