-0.0449289 0.00677679
-0.0349429 0.00626601
-0.0249591 0.00576066
-0.0149764 0.00526427
-0.00499449 0.00477862
0.0049856 0.00430615
0.0149636 0.00385006
0.0249402 0.00341279
0.034916 0.00299585
0.0448917 0.00260023
0.0548679 0.00222675
0.0648449 0.00187625
0.0748236 0.00154941
0.0848053 0.00124567
0.0947913 0.00096179
0.104779 0.000694107
0.114768 0.000441941
0.124757 0.000205871
0.134747 -1.37039e-05
0.144737 -0.000216665
0.154728 -0.000403071
0.16472 -0.000573218
0.174714 -0.000727616
0.18471 -0.000866915
0.194707 -0.000991901
0.204706 -0.00110339
0.214708 -0.00120217
0.224712 -0.00128906
0.234719 -0.00136482
0.244728 -0.00143019
0.254739 -0.00148587
0.264753 -0.00153253
0.27477 -0.00157078
0.284789 -0.00160123
0.29481 -0.00162442
0.304834 -0.00164088
0.314861 -0.00165114
0.324889 -0.00165568
0.33492 -0.00165493
0.344954 -0.00164934
0.354989 -0.00163932
0.365027 -0.00162527
0.375066 -0.00160757
0.385108 -0.00158656
0.395151 -0.00156257
0.405197 -0.00153591
0.415244 -0.00150687
0.425293 -0.00147573
0.435344 -0.00144275
0.445396 -0.00140819
0.455449 -0.00137228
0.465504 -0.00133523
0.475561 -0.00129723
0.485619 -0.00125847
0.495678 -0.00121914
0.505738 -0.00117939
0.515799 -0.00113937
0.525862 -0.00109923
0.535925 -0.00105908
0.54599 -0.00101905
0.556055 -0.000979233
0.566121 -0.000939757
0.576188 -0.000900709
0.586256 -0.000862181
0.596325 -0.000824246
0.606394 -0.000786978
0.616463 -0.000750432
0.626534 -0.000714656
0.636604 -0.000679704
0.646676 -0.000645628
0.656747 -0.000612462
0.66682 -0.00058025
0.676892 -0.000549031
0.686965 -0.000518806
0.697038 -0.000489597
0.707112 -0.000461439
0.717185 -0.000434334
0.727259 -0.000408301
0.737333 -0.000383346
0.747408 -0.000359457
0.757482 -0.000336644
0.767556 -0.000314904
0.777631 -0.000294238
0.787706 -0.00027464
0.79778 -0.000256088
0.807855 -0.000238561
0.81793 -0.000222049
0.828005 -0.000206542
0.838079 -0.000192024
0.848154 -0.000178475
0.858229 -0.000165873
0.868303 -0.000154201
0.878377 -0.000143442
0.888452 -0.000133562
0.898526 -0.000124534
0.9086 -0.000116335
0.918674 -0.000108941
0.928748 -0.000102327
0.938822 -9.64648e-05
0.948895 -9.13179e-05
0.958969 -8.68614e-05
0.969042 -8.3074e-05
0.979115 -7.99185e-05
0.989188 -7.73646e-05
0.999261 -7.53858e-05
1.00933 -7.39556e-05
1.01941 -7.30456e-05
1.02948 -7.2624e-05
1.03955 -7.26639e-05
1.04962 -7.31357e-05
1.05969 -7.40138e-05
1.06977 -7.52778e-05
1.07984 -7.68982e-05
1.08991 -7.88453e-05
1.09998 -8.10945e-05
1.11005 -8.36201e-05
1.12012 -8.64032e-05
1.13019 -8.94206e-05
1.14026 -9.2647e-05
1.15033 -9.60591e-05
1.1604 -9.96313e-05
1.17047 -0.000103351
1.18054 -0.000107202
1.19061 -0.000111161
1.20068 -0.000115208
1.21075 -0.000119324
1.22082 -0.000123493
1.23089 -0.000127702
1.24096 -0.000131934
1.25103 -0.000136175
1.2611 -0.000140411
1.27117 -0.000144627
1.28124 -0.000148812
1.2913 -0.000152957
1.30137 -0.000157053
1.31144 -0.000161091
1.32151 -0.000165061
1.33158 -0.00016895
1.34165 -0.000172751
1.35171 -0.000176463
1.36178 -0.000180081
1.37185 -0.000183592
1.38192 -0.000186992
1.39199 -0.00019028
1.40206 -0.000193455
1.41212 -0.000196508
1.42219 -0.000199438
1.43226 -0.000202245
1.44233 -0.000204922
1.45239 -0.000207471
1.46246 -0.00020989
1.47253 -0.000212179
1.4826 -0.00021434
1.49267 -0.000216375
1.50273 -0.00021828
1.5128 -0.000220054
1.52287 -0.000221704
1.53294 -0.000223233
1.543 -0.000224638
1.55307 -0.000225921
1.56314 -0.000227087
1.57321 -0.000228138
1.58328 -0.000229077
1.59334 -0.000229907
1.60341 -0.000230632
1.61348 -0.00023125
1.62355 -0.000231766
1.63361 -0.000232187
1.64368 -0.000232517
1.65375 -0.000232755
1.66382 -0.000232903
1.67389 -0.000232968
1.68395 -0.000232956
1.69402 -0.000232866
1.70409 -0.000232702
1.71416 -0.000232474
1.72423 -0.000232182
1.73429 -0.000231828
1.74436 -0.000231418
1.75443 -0.000230952
1.7645 -0.000230437
1.77457 -0.000229876
1.78463 -0.000229272
1.7947 -0.000228629
1.80477 -0.000227951
1.81484 -0.000227236
1.82491 -0.000226495
1.83497 -0.000225728
1.84504 -0.000224934
1.85511 -0.00022412
1.86518 -0.000223291
1.87525 -0.000222448
1.88531 -0.000221595
1.89538 -0.00022073
1.90545 -0.000219854
1.91552 -0.000218975
1.92559 -0.000218094
1.93566 -0.000217208
1.94572 -0.000216324
1.95579 -0.000215447
1.96586 -0.000214574
1.97593 -0.000213713
1.986 -0.000212862
1.99607 -0.00021202
2.00613 -0.000211188
2.0162 -0.00021037
2.02627 -0.000209567
2.03634 -0.000208781
2.04641 -0.000208011
2.05648 -0.00020726
2.06655 -0.000206531
2.07661 -0.000205821
2.08668 -0.000205131
2.09675 -0.00020446
2.10682 -0.000203814
2.11689 -0.000203195
2.12696 -0.000202598
2.13702 -0.000202024
2.14709 -0.000201474
2.15716 -0.00020095
2.16723 -0.00020045
2.1773 -0.000199978
2.18737 -0.000199531
2.19744 -0.000199109
2.2075 -0.000198714
2.21757 -0.000198344
2.22764 -0.000198001
2.23771 -0.000197686
2.24778 -0.000197399
2.25785 -0.000197138
2.26791 -0.0001969
2.27798 -0.000196685
2.28805 -0.000196493
2.29812 -0.000196324
2.30819 -0.000196181
2.31826 -0.000196061
2.32833 -0.000195962
2.33839 -0.000195883
2.34846 -0.000195826
2.35853 -0.00019579
2.3686 -0.00019577
2.37867 -0.000195768
2.38874 -0.000195784
2.3988 -0.000195817
2.40887 -0.000195867
2.41894 -0.000195932
2.42901 -0.000196012
2.43908 -0.000196106
2.44915 -0.000196214
2.45922 -0.000196336
2.46928 -0.000196468
2.47935 -0.000196612
2.48942 -0.000196766
2.49949 -0.000196929
2.50956 -0.000197101
2.51963 -0.000197281
2.52969 -0.000197468
2.53976 -0.000197662
2.54983 -0.00019786
2.5599 -0.000198062
2.56997 -0.000198269
2.58004 -0.000198482
2.5901 -0.0001987
2.60017 -0.00019892
2.61024 -0.000199142
2.62031 -0.000199367
2.63038 -0.000199591
2.64045 -0.000199814
2.65051 -0.000200037
2.66058 -0.000200259
2.67065 -0.00020048
2.68072 -0.000200699
2.69079 -0.000200914
2.70086 -0.000201124
2.71092 -0.00020133
2.72099 -0.000201531
2.73106 -0.00020173
2.74113 -0.000201924
2.7512 -0.000202116
2.76127 -0.000202302
2.77133 -0.000202483
2.7814 -0.000202658
2.79147 -0.000202827
2.80154 -0.000202991
2.81161 -0.000203151
2.82168 -0.000203306
2.83174 -0.000203454
2.84181 -0.000203598
2.85188 -0.000203737
2.86195 -0.000203872
2.87202 -0.000204002
2.88209 -0.000204125
2.89215 -0.000204242
2.90222 -0.000204354
2.91229 -0.000204462
2.92236 -0.000204564
2.93243 -0.000204661
2.9425 -0.000204752
2.95256 -0.000204837
2.96263 -0.000204918
2.9727 -0.000204995
2.98277 -0.00020507
2.99284 -0.000205139
3.0029 -0.000205202
3.01297 -0.000205258
3.02304 -0.000205308
3.03311 -0.000205355
3.04318 -0.000205395
3.05325 -0.000205429
3.06331 -0.000205459
3.07338 -0.000205484
3.08345 -0.000205505
3.09352 -0.000205523
3.10359 -0.000205537
3.11366 -0.000205547
3.12372 -0.000205552
3.13379 -0.000205554
3.14386 -0.000205552
3.15393 -0.000205547
3.164 -0.000205541
3.17407 -0.00020553
3.18413 -0.000205515
3.1942 -0.000205497
3.20427 -0.000205477
3.21434 -0.000205455
3.22441 -0.00020543
3.23447 -0.000205402
3.24454 -0.00020537
3.25461 -0.000205334
3.26468 -0.000205296
3.27475 -0.000205254
3.28482 -0.00020521
3.29488 -0.000205165
3.30495 -0.000205118
3.31502 -0.00020507
3.32509 -0.000205018
3.33516 -0.000204963
3.34523 -0.000204909
3.35529 -0.000204854
3.36536 -0.000204799
3.37543 -0.000204743
3.3855 -0.000204685
3.39557 -0.000204626
3.40564 -0.000204566
3.4157 -0.000204506
3.42577 -0.000204444
3.43584 -0.000204381
3.44591 -0.000204318
3.45598 -0.000204257
3.46605 -0.000204196
3.47611 -0.000204134
3.48618 -0.000204071
3.49625 -0.000204008
3.50632 -0.000203946
3.51639 -0.000203887
3.52646 -0.000203829
3.53652 -0.00020377
3.54659 -0.000203712
3.55666 -0.000203656
3.56673 -0.000203601
3.5768 -0.000203548
3.58687 -0.000203497
3.59693 -0.000203448
3.607 -0.0002034
3.61707 -0.000203354
3.62714 -0.00020331
3.63721 -0.000203268
3.64727 -0.000203228
3.65734 -0.00020319
3.66741 -0.000203153
3.67748 -0.000203116
3.68755 -0.00020308
3.69762 -0.00020305
3.70768 -0.000203022
3.71775 -0.000202996
3.72782 -0.00020297
3.73789 -0.000202946
3.74796 -0.000202926
3.75803 -0.000202908
3.76809 -0.000202892
3.77816 -0.000202875
3.78823 -0.000202861
3.7983 -0.000202848
3.80837 -0.000202836
3.81844 -0.000202826
3.8285 -0.000202819
3.83857 -0.000202813
3.84864 -0.000202805
3.85871 -0.000202799
3.86878 -0.000202797
3.87885 -0.000202798
3.88891 -0.000202801
3.89898 -0.000202804
3.90905 -0.000202808
3.91912 -0.000202813
3.92919 -0.000202819
3.93926 -0.000202827
3.94932 -0.000202836
3.95939 -0.000202845
3.96946 -0.000202853
3.97953 -0.000202864
3.9896 -0.000202875
3.99967 -0.000202888
4.00973 -0.000202902
4.0198 -0.000202912
4.02987 -0.000202922
4.03994 -0.000202934
4.05001 -0.000202949
4.06007 -0.000202962
4.07014 -0.000202975
4.08021 -0.000202989
4.09028 -0.000203003
4.10035 -0.000203017
4.11042 -0.000203031
4.12048 -0.000203044
4.13055 -0.000203058
4.14062 -0.000203071
4.15069 -0.000203084
4.16076 -0.000203095
4.17083 -0.000203107
4.18089 -0.000203119
4.19096 -0.00020313
4.20103 -0.000203142
4.2111 -0.000203156
4.22117 -0.00020317
4.23124 -0.000203183
4.2413 -0.000203194
4.25137 -0.000203205
4.26144 -0.000203219
4.27151 -0.000203234
4.28158 -0.00020325
4.29165 -0.000203266
4.30171 -0.00020328
4.31178 -0.000203292
4.32185 -0.000203304
4.33192 -0.000203318
4.34199 -0.000203332
4.35205 -0.000203347
4.36212 -0.000203362
4.37219 -0.000203378
4.38226 -0.000203394
4.39233 -0.000203408
4.4024 -0.000203423
4.41246 -0.000203438
4.42253 -0.000203453
4.4326 -0.000203467
4.44267 -0.00020348
4.45274 -0.000203491
4.46281 -0.000203503
4.47287 -0.000203514
4.48294 -0.000203523
4.49301 -0.000203533
4.50308 -0.000203544
4.51315 -0.000203554
4.52322 -0.000203565
4.53328 -0.000203575
4.54335 -0.000203584
4.55342 -0.000203592
4.56349 -0.0002036
4.57356 -0.000203609
4.58362 -0.000203618
4.59369 -0.000203625
4.60376 -0.000203632
4.61383 -0.000203636
4.6239 -0.000203637
4.63397 -0.000203638
4.64403 -0.000203642
4.6541 -0.000203645
4.66417 -0.000203647
4.67424 -0.000203649
4.68431 -0.000203649
4.69438 -0.000203647
4.70444 -0.000203645
4.71451 -0.000203642
4.72458 -0.00020364
4.73465 -0.000203637
4.74472 -0.000203634
4.75479 -0.00020363
4.76485 -0.000203627
4.77492 -0.000203625
4.78499 -0.000203621
4.79506 -0.000203618
4.80513 -0.000203616
4.81519 -0.00020361
4.82526 -0.000203603
4.83533 -0.000203597
4.8454 -0.00020359
4.85547 -0.000203584
4.86554 -0.000203576
4.8756 -0.000203566
4.88567 -0.000203557
4.89574 -0.000203547
4.90581 -0.000203537
4.91588 -0.000203527
4.92595 -0.000203517
4.93601 -0.000203508
4.94608 -0.000203502
4.95615 -0.000203495
4.96622 -0.000203488
4.97629 -0.000203483
4.98636 -0.000203479
4.99642 -0.000203474
5.00649 -0.000203468
5.01656 -0.000203466
5.02663 -0.000203464
5.0367 -0.000203461
5.04676 -0.000203457
5.05683 -0.000203454
5.0669 -0.000203453
5.07697 -0.000203452
5.08704 -0.000203449
5.09711 -0.000203443
5.10717 -0.000203439
5.11724 -0.000203435
5.12731 -0.000203433
5.13738 -0.00020343
5.14745 -0.000203426
5.15752 -0.000203422
5.16758 -0.000203419
5.17765 -0.000203417
5.18772 -0.000203417
5.19779 -0.000203418
5.20786 -0.000203418
5.21792 -0.000203417
5.22799 -0.000203417
5.23806 -0.000203417
5.24813 -0.000203416
5.2582 -0.000203417
5.26827 -0.000203418
5.27833 -0.000203417
5.2884 -0.000203418
5.29847 -0.00020342
5.30854 -0.00020342
5.31861 -0.000203419
5.32868 -0.00020342
5.33874 -0.00020342
5.34881 -0.000203419
5.35888 -0.000203417
5.36895 -0.000203415
5.37902 -0.000203413
5.38908 -0.000203412
5.39915 -0.000203411
5.40922 -0.000203411
5.41929 -0.000203411
5.42936 -0.000203408
5.43943 -0.000203404
5.44949 -0.000203399
5.45956 -0.000203395
5.46963 -0.00020339
5.4797 -0.000203383
5.48977 -0.000203378
5.49984 -0.000203374
5.5099 -0.00020337
5.51997 -0.000203367
5.53004 -0.000203365
5.54011 -0.000203365
5.55018 -0.000203362
5.56025 -0.00020336
5.57031 -0.000203359
5.58038 -0.000203357
5.59045 -0.000203356
5.60052 -0.000203353
5.61059 -0.000203352
5.62065 -0.000203351
5.63072 -0.000203348
5.64079 -0.000203346
5.65086 -0.000203343
5.66093 -0.000203339
5.671 -0.000203336
5.68106 -0.000203332
5.69113 -0.000203329
5.7012 -0.000203324
5.71127 -0.000203321
5.72134 -0.000203317
5.73141 -0.000203314
5.74147 -0.000203312
5.75154 -0.000203314
5.76161 -0.000203314
5.77168 -0.000203314
5.78175 -0.000203314
5.79181 -0.000203315
5.80188 -0.000203317
5.81195 -0.000203321
5.82202 -0.000203326
5.83209 -0.000203331
5.84216 -0.000203333
5.85222 -0.000203334
5.86229 -0.000203333
5.87236 -0.000203332
5.88243 -0.000203332
5.8925 -0.000203331
5.90257 -0.000203331
5.91263 -0.000203331
5.9227 -0.000203331
5.93277 -0.000203332
5.94284 -0.000203332
5.95291 -0.000203332
5.96297 -0.000203332
5.97304 -0.000203333
5.98311 -0.000203332
5.99318 -0.000203332
6.00325 -0.000203334
6.01332 -0.000203335
6.02338 -0.000203336
6.03345 -0.000203338
6.04352 -0.00020334
6.05359 -0.000203341
6.06366 -0.000203344
6.07372 -0.000203344
6.08379 -0.000203344
6.09386 -0.000203346
6.10393 -0.000203349
6.114 -0.000203352
6.12407 -0.000203355
6.13413 -0.000203356
6.1442 -0.000203354
6.15427 -0.000203352
6.16434 -0.00020335
6.17441 -0.000203348
6.18447 -0.000203349
6.19454 -0.000203348
6.20461 -0.000203347
6.21468 -0.000203347
6.22475 -0.000203349
6.23482 -0.000203349
6.24488 -0.000203347
6.25495 -0.000203348
6.26502 -0.000203351
6.27509 -0.000203353
6.28516 -0.000203356
6.29523 -0.000203357
6.30529 -0.000203358
6.31536 -0.000203362
6.32543 -0.000203366
6.3355 -0.000203366
6.34557 -0.000203365
6.35563 -0.000203364
6.3657 -0.000203365
6.37577 -0.000203368
6.38584 -0.000203369
6.39591 -0.000203369
6.40598 -0.000203368
6.41604 -0.000203368
6.42611 -0.000203369
6.43618 -0.000203369
6.44625 -0.000203368
6.45632 -0.000203366
6.46639 -0.000203362
6.47645 -0.000203358
6.48652 -0.000203355
6.49659 -0.000203352
6.50666 -0.000203349
6.51673 -0.000203346
6.52679 -0.000203345
6.53686 -0.000203344
6.54693 -0.000203344
6.557 -0.000203345
6.56707 -0.000203345
6.57714 -0.000203345
6.5872 -0.000203346
6.59727 -0.000203345
6.60734 -0.000203342
6.61741 -0.000203341
6.62748 -0.00020334
6.63754 -0.000203336
6.64761 -0.000203331
6.65768 -0.000203326
6.66775 -0.00020332
6.67782 -0.000203312
6.68789 -0.000203304
6.69795 -0.000203298
6.70802 -0.000203291
6.71809 -0.000203285
6.72816 -0.000203278
6.73823 -0.00020327
6.74829 -0.000203263
6.75836 -0.000203258
6.76843 -0.000203254
6.7785 -0.000203249
6.78857 -0.000203246
6.79864 -0.000203242
6.8087 -0.000203237
6.81877 -0.000203231
6.82884 -0.000203226
6.83891 -0.000203221
6.84898 -0.000203216
6.85905 -0.00020321
6.86911 -0.000203204
6.87918 -0.000203199
6.88925 -0.000203193
6.89932 -0.000203186
6.90939 -0.00020318
6.91945 -0.000203174
6.92952 -0.000203169
6.93959 -0.000203165
6.94966 -0.00020316
6.95973 -0.000203155
6.9698 -0.000203151
6.97986 -0.000203148
6.98993 -0.000203146
7 -0.000203146
