-0.0227412 0.00473821
-0.0127463 0.00443232
-0.00275256 0.00412912
0.00724058 0.0038304
0.0172333 0.003537
0.0272251 0.00324993
0.0372158 0.0029707
0.0472056 0.00270056
0.0571947 0.00244036
0.0671834 0.00219063
0.0771721 0.00195178
0.0871608 0.00172418
0.0971499 0.00150824
0.10714 0.00130425
0.11713 0.00111211
0.127123 0.000930656
0.137117 0.000758315
0.147111 0.000594495
0.157106 0.000439171
0.1671 0.000292427
0.177095 0.000154376
0.187091 2.50134e-05
0.197086 -9.57743e-05
0.207082 -0.000208157
0.217079 -0.000312387
0.227076 -0.000408743
0.237074 -0.000497497
0.247073 -0.000578985
0.257073 -0.000653531
0.267074 -0.000721442
0.277075 -0.000783063
0.287078 -0.000838699
0.297082 -0.000888648
0.307086 -0.000933205
0.317092 -0.000972637
0.327099 -0.0010072
0.337107 -0.00103718
0.347116 -0.00106282
0.357126 -0.00108435
0.367137 -0.00110201
0.377149 -0.00111602
0.387162 -0.00112662
0.397177 -0.00113403
0.407192 -0.00113842
0.417208 -0.00114001
0.427225 -0.00113898
0.437244 -0.0011355
0.447263 -0.00112976
0.457283 -0.00112191
0.467304 -0.00111213
0.477326 -0.00110057
0.487348 -0.00108737
0.497372 -0.00107268
0.507396 -0.0010566
0.517421 -0.00103929
0.527447 -0.00102087
0.537473 -0.00100142
0.547501 -0.000981077
0.557528 -0.00095993
0.567557 -0.000938069
0.577586 -0.000915589
0.587616 -0.000892586
0.597646 -0.000869143
0.607677 -0.000845344
0.617708 -0.00082126
0.62774 -0.00079696
0.637772 -0.000772505
0.647805 -0.000747945
0.657838 -0.000723341
0.667872 -0.000698753
0.677906 -0.000674228
0.68794 -0.000649821
0.697975 -0.000625587
0.70801 -0.000601542
0.718045 -0.000577726
0.728081 -0.000554194
0.738117 -0.000530969
0.748153 -0.000508089
0.758189 -0.000485584
0.768226 -0.000463464
0.778263 -0.000441765
0.7883 -0.000420505
0.798337 -0.000399713
0.808375 -0.000379408
0.818412 -0.000359592
0.82845 -0.000340274
0.838488 -0.000321466
0.848526 -0.00030319
0.858564 -0.000285453
0.868602 -0.000268264
0.87864 -0.000251627
0.888679 -0.000235552
0.898717 -0.00022005
0.908756 -0.000205111
0.918794 -0.000190736
0.928833 -0.000176929
0.938871 -0.000163689
0.94891 -0.000151019
0.958948 -0.000138913
0.968987 -0.000127359
0.979026 -0.000116357
0.989064 -0.000105908
0.999103 -9.59974e-05
1.00914 -8.66167e-05
1.01918 -7.77607e-05
1.02922 -6.94231e-05
1.03926 -6.15951e-05
1.0493 -5.42638e-05
1.05933 -4.74206e-05
1.06937 -4.10532e-05
1.07941 -3.51526e-05
1.08945 -2.9714e-05
1.09949 -2.47231e-05
1.10952 -2.01642e-05
1.11956 -1.60257e-05
1.1296 -1.22941e-05
1.13964 -8.96219e-06
1.14968 -6.01723e-06
1.15971 -3.44364e-06
1.16975 -1.22715e-06
1.17979 6.49537e-07
1.18983 2.19125e-06
1.19986 3.40889e-06
1.2099 4.31903e-06
1.21994 4.9359e-06
1.22997 5.27586e-06
1.24001 5.35056e-06
1.25005 5.17093e-06
1.26009 4.75047e-06
1.27012 4.10286e-06
1.28016 3.24188e-06
1.2902 2.18045e-06
1.30023 9.29806e-07
1.31027 -4.98859e-07
1.3203 -2.09642e-06
1.33034 -3.85052e-06
1.34038 -5.75037e-06
1.35041 -7.78038e-06
1.36045 -9.92884e-06
1.37048 -1.2193e-05
1.38052 -1.4562e-05
1.39056 -1.70192e-05
1.40059 -1.95565e-05
1.41063 -2.2168e-05
1.42066 -2.48462e-05
1.4307 -2.75791e-05
1.44073 -3.03586e-05
1.45077 -3.31786e-05
1.46081 -3.60272e-05
1.47084 -3.88988e-05
1.48088 -4.17874e-05
1.49091 -4.4685e-05
1.50095 -4.75879e-05
1.51098 -5.04927e-05
1.52102 -5.33871e-05
1.53105 -5.62645e-05
1.54109 -5.91248e-05
1.55112 -6.19647e-05
1.56116 -6.47754e-05
1.57119 -6.75511e-05
1.58123 -7.02914e-05
1.59126 -7.29918e-05
1.6013 -7.56477e-05
1.61133 -7.82582e-05
1.62136 -8.08189e-05
1.6314 -8.33231e-05
1.64143 -8.57698e-05
1.65147 -8.81596e-05
1.6615 -9.04915e-05
1.67154 -9.27589e-05
1.68157 -9.49577e-05
1.69161 -9.70905e-05
1.70164 -9.91575e-05
1.71168 -0.000101154
1.72171 -0.000103078
1.73175 -0.000104935
1.74178 -0.000106722
1.75181 -0.000108436
1.76185 -0.000110077
1.77188 -0.000111644
1.78192 -0.000113139
1.79195 -0.000114563
1.80199 -0.000115913
1.81202 -0.000117193
1.82206 -0.000118401
1.83209 -0.000119534
1.84212 -0.0001206
1.85216 -0.000121597
1.86219 -0.000122521
1.87223 -0.000123379
1.88226 -0.000124172
1.8923 -0.0001249
1.90233 -0.000125565
1.91237 -0.000126165
1.9224 -0.000126698
1.93243 -0.000127171
1.94247 -0.000127586
1.9525 -0.000127938
1.96254 -0.000128233
1.97257 -0.000128476
1.98261 -0.000128665
1.99264 -0.000128804
2.00268 -0.000128895
2.01271 -0.000128934
2.02274 -0.000128925
2.03278 -0.000128871
2.04281 -0.000128773
2.05285 -0.000128634
2.06288 -0.000128453
2.07292 -0.000128234
2.08295 -0.000127981
2.09299 -0.000127692
2.10302 -0.000127368
2.11306 -0.00012701
2.12309 -0.000126626
2.13313 -0.000126217
2.14316 -0.000125782
2.15319 -0.00012532
2.16323 -0.000124835
2.17326 -0.000124331
2.1833 -0.000123808
2.19333 -0.000123269
2.20337 -0.000122714
2.2134 -0.000122145
2.22344 -0.000121564
2.23347 -0.000120973
2.24351 -0.000120373
2.25354 -0.000119768
2.26358 -0.000119159
2.27361 -0.000118547
2.28365 -0.000117929
2.29368 -0.000117308
2.30372 -0.000116684
2.31375 -0.00011606
2.32379 -0.000115441
2.33382 -0.000114823
2.34386 -0.000114209
2.35389 -0.000113598
2.36392 -0.000112992
2.37396 -0.000112393
2.38399 -0.000111798
2.39403 -0.000111209
2.40406 -0.000110629
2.4141 -0.000110058
2.42413 -0.000109497
2.43417 -0.000108945
2.4442 -0.000108405
2.45424 -0.000107875
2.46427 -0.000107358
2.47431 -0.000106854
2.48434 -0.000106361
2.49438 -0.000105882
2.50441 -0.000105415
2.51445 -0.000104962
2.52448 -0.000104522
2.53452 -0.000104096
2.54455 -0.000103684
2.55459 -0.000103286
2.56462 -0.000102901
2.57466 -0.000102529
2.58469 -0.000102173
2.59473 -0.000101833
2.60476 -0.000101508
2.6148 -0.000101198
2.62483 -0.000100902
2.63487 -0.000100623
2.6449 -0.000100356
2.65494 -0.000100101
2.66497 -9.98612e-05
2.67501 -9.96349e-05
2.68504 -9.94226e-05
2.69508 -9.92233e-05
2.70511 -9.90353e-05
2.71515 -9.88587e-05
2.72518 -9.86937e-05
2.73522 -9.85407e-05
2.74525 -9.84009e-05
2.75529 -9.82742e-05
2.76532 -9.81598e-05
2.77536 -9.80571e-05
2.78539 -9.79651e-05
2.79543 -9.78841e-05
2.80546 -9.78136e-05
2.8155 -9.77539e-05
2.82553 -9.77065e-05
2.83557 -9.76699e-05
2.8456 -9.76437e-05
2.85564 -9.76285e-05
2.86567 -9.7624e-05
2.87571 -9.7631e-05
2.88574 -9.76471e-05
2.89578 -9.76714e-05
2.90581 -9.77049e-05
2.91584 -9.77472e-05
2.92588 -9.77995e-05
2.93591 -9.78602e-05
2.94595 -9.79283e-05
2.95598 -9.80039e-05
2.96602 -9.80863e-05
2.97605 -9.81768e-05
2.98609 -9.82763e-05
2.99612 -9.83834e-05
3.00616 -9.84965e-05
3.01619 -9.86143e-05
3.02623 -9.87348e-05
3.03626 -9.88598e-05
3.0463 -9.89911e-05
3.05633 -9.91253e-05
3.06637 -9.92623e-05
3.0764 -9.94034e-05
3.08644 -9.95469e-05
3.09647 -9.96933e-05
3.10651 -9.98438e-05
3.11654 -9.99969e-05
3.12658 -0.000100152
3.13661 -0.000100309
3.14665 -0.000100467
3.15668 -0.000100626
3.16672 -0.000100787
3.17675 -0.000100949
3.18679 -0.000101112
3.19682 -0.000101273
3.20686 -0.000101435
3.21689 -0.000101597
3.22692 -0.000101758
3.23696 -0.000101918
3.24699 -0.000102077
3.25703 -0.000102233
3.26706 -0.000102385
3.2771 -0.000102536
3.28713 -0.000102683
3.29717 -0.000102827
3.3072 -0.000102969
3.31724 -0.000103109
3.32727 -0.000103246
3.33731 -0.000103378
3.34734 -0.000103506
3.35738 -0.000103632
3.36741 -0.000103756
3.37745 -0.000103877
3.38748 -0.000103994
3.39752 -0.000104107
3.40755 -0.000104216
3.41759 -0.00010432
3.42762 -0.00010442
3.43766 -0.000104515
3.44769 -0.000104606
3.45773 -0.000104694
3.46776 -0.000104778
3.47779 -0.000104859
3.48783 -0.000104935
3.49786 -0.000105006
3.5079 -0.000105071
3.51793 -0.000105135
3.52797 -0.000105196
3.538 -0.000105254
3.54804 -0.000105307
3.55807 -0.000105356
3.56811 -0.000105402
3.57814 -0.000105445
3.58818 -0.000105486
3.59821 -0.000105524
3.60825 -0.000105558
3.61828 -0.00010559
3.62832 -0.000105619
3.63835 -0.000105645
3.64839 -0.000105669
3.65842 -0.00010569
3.66846 -0.000105708
3.67849 -0.000105723
3.68853 -0.000105733
3.69856 -0.000105741
3.70859 -0.00010575
3.71863 -0.000105757
3.72866 -0.000105762
3.7387 -0.000105762
3.74873 -0.000105762
3.75877 -0.000105761
3.7688 -0.000105758
3.77884 -0.000105752
3.78887 -0.000105743
3.79891 -0.000105734
3.80894 -0.000105723
3.81898 -0.000105708
3.82901 -0.000105693
3.83905 -0.000105677
3.84908 -0.000105659
3.85912 -0.000105637
3.86915 -0.000105613
3.87919 -0.000105591
3.88922 -0.000105569
3.89926 -0.000105546
3.90929 -0.000105521
3.91933 -0.000105495
3.92936 -0.000105466
3.93939 -0.000105437
3.94943 -0.000105409
3.95946 -0.000105379
3.9695 -0.000105347
3.97953 -0.000105314
3.98957 -0.000105281
3.9996 -0.000105247
4.00964 -0.000105214
4.01967 -0.00010518
4.02971 -0.000105141
4.03974 -0.0001051
4.04978 -0.000105062
4.05981 -0.000105024
4.06985 -0.000104983
4.07988 -0.000104943
4.08992 -0.000104903
4.09995 -0.000104863
4.10999 -0.000104822
4.12002 -0.00010478
4.13006 -0.000104738
4.14009 -0.000104695
4.15013 -0.000104652
4.16016 -0.000104609
4.1702 -0.000104566
4.18023 -0.000104523
4.19026 -0.00010448
4.2003 -0.000104437
4.21033 -0.000104395
4.22037 -0.000104354
4.2304 -0.000104315
4.24044 -0.000104275
4.25047 -0.000104235
4.26051 -0.000104196
4.27054 -0.00010416
4.28058 -0.000104125
4.29061 -0.000104092
4.30065 -0.000104061
4.31068 -0.000104029
4.32072 -0.000103996
4.33075 -0.000103965
4.34079 -0.000103937
4.35082 -0.000103911
4.36086 -0.000103886
4.37089 -0.000103862
4.38093 -0.00010384
4.39096 -0.000103818
4.401 -0.000103797
4.41103 -0.000103778
4.42106 -0.000103761
4.4311 -0.000103745
4.44113 -0.00010373
4.45117 -0.000103715
4.4612 -0.000103699
4.47124 -0.000103685
4.48127 -0.000103672
4.49131 -0.00010366
4.50134 -0.000103649
4.51138 -0.000103639
4.52141 -0.000103631
4.53145 -0.000103624
4.54148 -0.000103619
4.55152 -0.000103614
4.56155 -0.000103608
4.57159 -0.000103604
4.58162 -0.000103602
4.59166 -0.000103601
4.60169 -0.000103599
4.61173 -0.000103598
4.62176 -0.000103596
4.6318 -0.000103592
4.64183 -0.000103589
4.65187 -0.000103589
4.6619 -0.00010359
4.67194 -0.00010359
4.68197 -0.000103592
4.692 -0.000103593
4.70204 -0.000103592
4.71207 -0.000103592
4.72211 -0.000103593
4.73214 -0.000103594
4.74218 -0.000103596
4.75221 -0.000103598
4.76225 -0.0001036
4.77228 -0.000103604
4.78232 -0.000103609
4.79235 -0.000103614
4.80239 -0.000103619
4.81242 -0.000103625
4.82246 -0.000103629
4.83249 -0.000103632
4.84253 -0.000103635
4.85256 -0.00010364
4.8626 -0.000103645
4.87263 -0.000103649
4.88267 -0.000103651
4.8927 -0.000103653
4.90273 -0.000103656
4.91277 -0.000103659
4.9228 -0.000103663
4.93284 -0.000103666
4.94287 -0.000103671
4.95291 -0.000103679
4.96294 -0.000103686
4.97298 -0.000103694
4.98301 -0.000103703
4.99305 -0.000103713
5.00308 -0.000103722
5.01312 -0.000103732
5.02315 -0.000103744
5.03319 -0.000103757
5.04322 -0.000103768
5.05326 -0.000103779
5.06329 -0.00010379
5.07333 -0.000103803
5.08336 -0.000103817
5.0934 -0.000103828
5.10343 -0.000103838
5.11347 -0.000103848
5.1235 -0.00010386
5.13353 -0.000103872
5.14357 -0.000103883
5.1536 -0.000103892
5.16364 -0.000103901
5.17367 -0.000103912
5.18371 -0.000103924
5.19374 -0.000103937
5.20378 -0.000103951
5.21381 -0.000103963
5.22385 -0.000103975
5.23388 -0.000103988
5.24392 -0.000104
5.25395 -0.000104011
5.26399 -0.000104023
5.27402 -0.000104034
5.28406 -0.000104045
5.29409 -0.000104056
5.30413 -0.000104068
5.31416 -0.000104078
5.3242 -0.000104087
5.33423 -0.000104097
5.34426 -0.000104106
5.3543 -0.000104114
5.36433 -0.000104122
5.37437 -0.000104128
5.3844 -0.000104135
5.39444 -0.000104141
5.40447 -0.000104147
5.41451 -0.000104153
5.42454 -0.000104159
5.43458 -0.000104164
5.44461 -0.000104166
5.45465 -0.000104167
5.46468 -0.000104168
5.47472 -0.000104167
5.48475 -0.000104165
5.49479 -0.000104164
5.50482 -0.000104164
5.51486 -0.000104164
5.52489 -0.000104164
5.53493 -0.000104166
5.54496 -0.000104169
5.555 -0.000104171
5.56503 -0.000104171
5.57506 -0.000104172
5.5851 -0.000104172
5.59513 -0.000104173
5.60517 -0.000104172
5.6152 -0.000104173
5.62524 -0.000104173
5.63527 -0.000104172
5.64531 -0.000104171
5.65534 -0.000104168
5.66538 -0.000104164
5.67541 -0.000104161
5.68545 -0.000104157
5.69548 -0.000104154
5.70552 -0.00010415
5.71555 -0.000104146
5.72559 -0.000104142
5.73562 -0.000104138
5.74566 -0.000104136
5.75569 -0.000104136
5.76573 -0.000104135
5.77576 -0.000104134
5.78579 -0.000104132
5.79583 -0.000104131
5.80586 -0.000104132
5.8159 -0.000104135
5.82593 -0.000104138
5.83597 -0.000104141
5.846 -0.000104142
5.85604 -0.000104142
5.86607 -0.000104139
5.87611 -0.000104136
5.88614 -0.000104133
5.89618 -0.000104131
5.90621 -0.000104129
5.91625 -0.000104127
5.92628 -0.000104124
5.93632 -0.000104122
5.94635 -0.000104119
5.95639 -0.000104115
5.96642 -0.000104113
5.97646 -0.000104111
5.98649 -0.000104107
5.99652 -0.000104104
6.00656 -0.000104103
6.01659 -0.000104101
6.02663 -0.0001041
6.03666 -0.000104098
6.0467 -0.000104096
6.05673 -0.000104095
6.06677 -0.000104093
6.0768 -0.000104091
6.08684 -0.000104087
6.09687 -0.000104084
6.10691 -0.000104084
6.11694 -0.000104084
6.12698 -0.000104082
6.13701 -0.000104079
6.14705 -0.000104075
6.15708 -0.000104069
6.16712 -0.000104062
6.17715 -0.000104057
6.18719 -0.000104054
6.19722 -0.00010405
6.20725 -0.000104045
6.21729 -0.000104042
6.22732 -0.00010404
6.23736 -0.000104036
6.24739 -0.000104031
6.25743 -0.000104029
6.26746 -0.000104028
6.2775 -0.000104027
6.28753 -0.000104026
6.29757 -0.000104023
6.3076 -0.000104021
6.31764 -0.000104021
6.32767 -0.000104022
6.33771 -0.000104019
6.34774 -0.000104015
6.35778 -0.000104011
6.36781 -0.000104009
6.37785 -0.000104009
6.38788 -0.000104007
6.39791 -0.000104004
6.40795 -0.000104
6.41798 -0.000103997
6.42802 -0.000103995
6.43805 -0.000103994
6.44809 -0.00010399
6.45812 -0.000103985
6.46816 -0.00010398
6.47819 -0.000103973
6.48823 -0.000103968
6.49826 -0.000103964
6.5083 -0.00010396
6.51833 -0.000103956
6.52837 -0.000103954
6.5384 -0.000103953
6.54844 -0.000103951
6.55847 -0.00010395
6.56851 -0.000103948
6.57854 -0.000103946
6.58858 -0.000103946
6.59861 -0.000103946
6.60864 -0.000103943
6.61868 -0.000103942
6.62871 -0.00010394
6.63875 -0.000103935
6.64878 -0.00010393
6.65882 -0.000103925
6.66885 -0.000103919
6.67889 -0.00010391
6.68892 -0.000103903
6.69896 -0.000103896
6.70899 -0.00010389
6.71903 -0.000103884
6.72906 -0.000103877
6.7391 -0.000103871
6.74913 -0.000103864
6.75917 -0.00010386
6.7692 -0.000103857
6.77924 -0.000103852
6.78927 -0.00010385
6.7993 -0.000103848
6.80934 -0.000103844
6.81937 -0.000103839
6.82941 -0.000103835
6.83944 -0.000103832
6.84948 -0.000103828
6.85951 -0.000103823
6.86955 -0.000103819
6.87958 -0.000103815
6.88962 -0.00010381
6.89965 -0.000103804
6.90969 -0.000103798
6.91972 -0.000103793
6.92976 -0.000103789
6.93979 -0.000103785
6.94983 -0.000103782
6.95986 -0.000103777
6.9699 -0.000103774
6.97993 -0.000103771
6.98997 -0.00010377
7 -0.00010377
