-0.0028457 0.00159278
0.00715411 0.0015281
0.0171537 0.00146387
0.0271532 0.00140033
0.0371526 0.00133762
0.0471518 0.00127587
0.057151 0.00121518
0.06715 0.00115561
0.077149 0.00109723
0.0871479 0.00104012
0.0971467 0.000984316
0.107145 0.000929869
0.117144 0.000876818
0.127143 0.000825165
0.137142 0.000774925
0.147141 0.000726132
0.157139 0.000678754
0.167138 0.000632789
0.177137 0.000588227
0.187136 0.000545043
0.197136 0.000503227
0.207135 0.000462728
0.217134 0.000423499
0.227133 0.000385522
0.237133 0.000348749
0.247132 0.000313153
0.257132 0.000278742
0.267131 0.000245476
0.277131 0.000213339
0.28713 0.000182326
0.29713 0.000152392
0.30713 0.000123521
0.317129 9.56949e-05
0.327129 6.88891e-05
0.337129 4.30959e-05
0.347129 1.83084e-05
0.357129 -5.51268e-06
0.367129 -2.83847e-05
0.377129 -5.03067e-05
0.387129 -7.1304e-05
0.397129 -9.13946e-05
0.407129 -0.00011061
0.417129 -0.000128977
0.42713 -0.000146493
0.43713 -0.000163182
0.44713 -0.000179068
0.457131 -0.000194158
0.467131 -0.000208476
0.477132 -0.000222042
0.487133 -0.000234889
0.497134 -0.000247032
0.507134 -0.000258488
0.517135 -0.000269279
0.527136 -0.000279404
0.537138 -0.000288909
0.547139 -0.000297808
0.55714 -0.0003061
0.567141 -0.000313817
0.577143 -0.000320967
0.587144 -0.00032756
0.597146 -0.000333615
0.607147 -0.000339158
0.617149 -0.000344207
0.627151 -0.000348781
0.637153 -0.000352895
0.647155 -0.000356565
0.657157 -0.000359799
0.667159 -0.000362602
0.677161 -0.000364991
0.687163 -0.000366987
0.697165 -0.0003686
0.707168 -0.000369851
0.71717 -0.000370764
0.727173 -0.000371326
0.737175 -0.000371554
0.747178 -0.000371477
0.757181 -0.000371097
0.767184 -0.000370435
0.777186 -0.000369503
0.787189 -0.000368298
0.797192 -0.000366842
0.807195 -0.000365144
0.817199 -0.000363223
0.827202 -0.00036109
0.837205 -0.000358744
0.847208 -0.000356186
0.857212 -0.00035343
0.867215 -0.000350492
0.877218 -0.000347382
0.887222 -0.00034411
0.897225 -0.000340682
0.907229 -0.000337112
0.917233 -0.000333415
0.927236 -0.000329588
0.93724 -0.000325639
0.947244 -0.000321577
0.957248 -0.000317412
0.967252 -0.000313155
0.977256 -0.000308809
0.98726 -0.000304374
0.997264 -0.000299861
1.00727 -0.000295284
1.01727 -0.000290638
1.02728 -0.000285929
1.03728 -0.000281166
1.04728 -0.000276355
1.05729 -0.000271504
1.06729 -0.000266612
1.0773 -0.000261687
1.0873 -0.000256732
1.09731 -0.000251753
1.10731 -0.000246761
1.11732 -0.000241758
1.12732 -0.000236744
1.13732 -0.000231724
1.14733 -0.000226701
1.15733 -0.000221684
1.16734 -0.000216675
1.17734 -0.000211677
1.18735 -0.00020669
1.19735 -0.000201715
1.20736 -0.000196761
1.21736 -0.000191835
1.22737 -0.000186936
1.23737 -0.000182064
1.24738 -0.00017722
1.25738 -0.000172407
1.26739 -0.000167631
1.27739 -0.000162891
1.2874 -0.000158189
1.2974 -0.000153526
1.30741 -0.000148903
1.31741 -0.000144324
1.32741 -0.000139789
1.33742 -0.000135305
1.34742 -0.00013087
1.35743 -0.000126488
1.36743 -0.000122154
1.37744 -0.00011787
1.38744 -0.000113644
1.39745 -0.000109477
1.40745 -0.000105363
1.41746 -0.000101306
1.42746 -9.73081e-05
1.43747 -9.3373e-05
1.44747 -8.94985e-05
1.45748 -8.56855e-05
1.46748 -8.19361e-05
1.47749 -7.82468e-05
1.48749 -7.46207e-05
1.4975 -7.10593e-05
1.50751 -6.75621e-05
1.51751 -6.41324e-05
1.52752 -6.07734e-05
1.53752 -5.7479e-05
1.54753 -5.42487e-05
1.55753 -5.10879e-05
1.56754 -4.79988e-05
1.57754 -4.49771e-05
1.58755 -4.20218e-05
1.59755 -3.9137e-05
1.60756 -3.63221e-05
1.61756 -3.3576e-05
1.62757 -3.09011e-05
1.63757 -2.82961e-05
1.64758 -2.5757e-05
1.65758 -2.32851e-05
1.66759 -2.08834e-05
1.67759 -1.85531e-05
1.6876 -1.6289e-05
1.6976 -1.40883e-05
1.70761 -1.19552e-05
1.71761 -9.89092e-06
1.72762 -7.89049e-06
1.73762 -5.95314e-06
1.74763 -4.08501e-06
1.75763 -2.28225e-06
1.76764 -5.42479e-07
1.77764 1.13424e-06
1.78765 2.75091e-06
1.79765 4.30447e-06
1.80766 5.79654e-06
1.81766 7.22958e-06
1.82767 8.60217e-06
1.83767 9.91618e-06
1.84768 1.11759e-05
1.85768 1.23765e-05
1.86769 1.35193e-05
1.87769 1.46119e-05
1.8877 1.56489e-05
1.8977 1.663e-05
1.90771 1.75584e-05
1.91771 1.84335e-05
1.92772 1.92606e-05
1.93772 2.00427e-05
1.94773 2.07752e-05
1.95773 2.14597e-05
1.96774 2.21031e-05
1.97774 2.27016e-05
1.98774 2.32531e-05
1.99775 2.37628e-05
2.00775 2.42275e-05
2.01776 2.46489e-05
2.02776 2.50338e-05
2.03777 2.53805e-05
2.04777 2.56891e-05
2.05778 2.59614e-05
2.06778 2.61968e-05
2.07779 2.63989e-05
2.08779 2.65661e-05
2.0978 2.66987e-05
2.1078 2.67999e-05
2.11781 2.68714e-05
2.12781 2.69142e-05
2.13782 2.69247e-05
2.14782 2.69035e-05
2.15783 2.68554e-05
2.16783 2.67817e-05
2.17784 2.66814e-05
2.18784 2.65548e-05
2.19785 2.64025e-05
2.20785 2.62242e-05
2.21785 2.60216e-05
2.22786 2.5797e-05
2.23786 2.55484e-05
2.24787 2.52782e-05
2.25787 2.49861e-05
2.26788 2.46703e-05
2.27788 2.43325e-05
2.28789 2.39737e-05
2.29789 2.35979e-05
2.3079 2.32049e-05
2.3179 2.27965e-05
2.32791 2.23716e-05
2.33791 2.19279e-05
2.34792 2.14692e-05
2.35792 2.09963e-05
2.36792 2.05108e-05
2.37793 2.00111e-05
2.38793 1.94987e-05
2.39794 1.89775e-05
2.40794 1.8447e-05
2.41795 1.79059e-05
2.42795 1.73543e-05
2.43796 1.67938e-05
2.44796 1.62248e-05
2.45797 1.56481e-05
2.46797 1.50649e-05
2.47798 1.44749e-05
2.48798 1.38789e-05
2.49798 1.3278e-05
2.50799 1.26719e-05
2.51799 1.20626e-05
2.528 1.14507e-05
2.538 1.08354e-05
2.54801 1.02187e-05
2.55801 9.60094e-06
2.56802 8.98135e-06
2.57802 8.36291e-06
2.58803 7.74588e-06
2.59803 7.12829e-06
2.60803 6.51042e-06
2.61804 5.89331e-06
2.62804 5.27804e-06
2.63805 4.66458e-06
2.64805 4.05232e-06
2.65806 3.44565e-06
2.66806 2.84462e-06
2.67807 2.24637e-06
2.68807 1.65297e-06
2.69808 1.06409e-06
2.70808 4.80941e-07
2.71808 -9.44119e-08
2.72809 -6.62277e-07
2.73809 -1.22277e-06
2.7481 -1.77578e-06
2.7581 -2.32285e-06
2.76811 -2.86403e-06
2.77811 -3.39834e-06
2.78812 -3.92537e-06
2.79812 -4.44429e-06
2.80812 -4.95471e-06
2.81813 -5.45668e-06
2.82813 -5.95111e-06
2.83814 -6.43948e-06
2.84814 -6.92044e-06
2.85815 -7.39339e-06
2.86815 -7.85895e-06
2.87816 -8.31735e-06
2.88816 -8.76999e-06
2.89816 -9.21471e-06
2.90817 -9.65072e-06
2.91817 -1.00789e-05
2.92818 -1.04992e-05
2.93818 -1.09133e-05
2.94819 -1.13199e-05
2.95819 -1.1718e-05
2.9682 -1.2108e-05
2.9782 -1.24902e-05
2.9882 -1.28656e-05
2.99821 -1.32355e-05
3.00821 -1.35989e-05
3.01822 -1.39545e-05
3.02822 -1.43013e-05
3.03823 -1.46377e-05
3.04823 -1.49659e-05
3.05824 -1.52875e-05
3.06824 -1.55997e-05
3.07824 -1.59033e-05
3.08825 -1.61996e-05
3.09825 -1.6487e-05
3.10826 -1.67661e-05
3.11826 -1.70389e-05
3.12827 -1.73042e-05
3.13827 -1.75615e-05
3.14828 -1.78107e-05
3.15828 -1.80513e-05
3.16828 -1.82842e-05
3.17829 -1.85098e-05
3.18829 -1.87288e-05
3.1983 -1.89395e-05
3.2083 -1.91408e-05
3.21831 -1.93358e-05
3.22831 -1.95235e-05
3.23832 -1.9703e-05
3.24832 -1.9875e-05
3.25832 -2.00389e-05
3.26833 -2.01932e-05
3.27833 -2.03385e-05
3.28834 -2.04762e-05
3.29834 -2.06041e-05
3.30835 -2.07243e-05
3.31835 -2.08381e-05
3.32836 -2.09443e-05
3.33836 -2.10423e-05
3.34836 -2.11321e-05
3.35837 -2.12137e-05
3.36837 -2.12894e-05
3.37838 -2.13592e-05
3.38838 -2.1422e-05
3.39839 -2.14779e-05
3.40839 -2.15257e-05
3.4184 -2.15664e-05
3.4284 -2.16003e-05
3.4384 -2.16268e-05
3.44841 -2.16461e-05
3.45841 -2.16585e-05
3.46842 -2.16659e-05
3.47842 -2.16687e-05
3.48843 -2.16657e-05
3.49843 -2.1656e-05
3.50844 -2.1639e-05
3.51844 -2.16163e-05
3.52845 -2.15901e-05
3.53845 -2.15607e-05
3.54845 -2.15266e-05
3.55846 -2.14863e-05
3.56846 -2.14417e-05
3.57847 -2.13933e-05
3.58847 -2.13408e-05
3.59848 -2.1285e-05
3.60848 -2.12269e-05
3.61849 -2.11647e-05
3.62849 -2.10985e-05
3.63849 -2.10302e-05
3.6485 -2.09599e-05
3.6585 -2.08869e-05
3.66851 -2.08101e-05
3.67851 -2.07309e-05
3.68852 -2.06487e-05
3.69852 -2.05621e-05
3.70853 -2.04735e-05
3.71853 -2.03858e-05
3.72853 -2.02972e-05
3.73854 -2.0205e-05
3.74854 -2.01105e-05
3.75855 -2.00151e-05
3.76855 -1.99195e-05
3.77856 -1.98223e-05
3.78856 -1.97224e-05
3.79857 -1.96205e-05
3.80857 -1.95178e-05
3.81857 -1.94133e-05
3.82858 -1.9307e-05
3.83858 -1.92002e-05
3.84859 -1.90932e-05
3.85859 -1.8985e-05
3.8686 -1.88734e-05
3.8786 -1.87602e-05
3.88861 -1.86488e-05
3.89861 -1.85392e-05
3.90862 -1.84291e-05
3.91862 -1.83176e-05
3.92862 -1.82046e-05
3.93863 -1.80895e-05
3.94863 -1.79743e-05
3.95864 -1.78602e-05
3.96864 -1.77457e-05
3.97865 -1.76293e-05
3.98865 -1.75121e-05
3.99866 -1.73953e-05
4.00866 -1.72785e-05
4.01866 -1.7163e-05
4.02867 -1.70471e-05
4.03867 -1.69271e-05
4.04868 -1.68058e-05
4.05868 -1.66864e-05
4.06869 -1.65678e-05
4.07869 -1.64484e-05
4.0887 -1.6329e-05
4.0987 -1.6211e-05
4.10871 -1.60928e-05
4.11871 -1.59737e-05
4.12871 -1.58551e-05
4.13872 -1.57366e-05
4.14872 -1.56182e-05
4.15873 -1.55001e-05
4.16873 -1.53821e-05
4.17874 -1.52642e-05
4.18874 -1.51469e-05
4.19875 -1.50299e-05
4.20875 -1.49138e-05
4.21875 -1.47994e-05
4.22876 -1.46871e-05
4.23876 -1.45765e-05
4.24877 -1.44662e-05
4.25877 -1.43559e-05
4.26878 -1.4247e-05
4.27878 -1.41418e-05
4.28879 -1.40393e-05
4.29879 -1.39393e-05
4.30879 -1.3842e-05
4.3188 -1.37441e-05
4.3288 -1.36463e-05
4.33881 -1.35519e-05
4.34881 -1.34604e-05
4.35882 -1.33708e-05
4.36882 -1.32837e-05
4.37883 -1.31995e-05
4.38883 -1.31173e-05
4.39884 -1.30366e-05
4.40884 -1.29577e-05
4.41884 -1.2881e-05
4.42885 -1.28063e-05
4.43885 -1.27334e-05
4.44886 -1.26628e-05
4.45886 -1.25937e-05
4.46887 -1.25254e-05
4.47887 -1.24588e-05
4.48888 -1.23945e-05
4.49888 -1.23316e-05
4.50888 -1.22699e-05
4.51889 -1.22104e-05
4.52889 -1.21534e-05
4.5389 -1.20987e-05
4.5489 -1.20464e-05
4.55891 -1.19959e-05
4.56891 -1.19458e-05
4.57892 -1.18979e-05
4.58892 -1.18531e-05
4.59893 -1.18091e-05
4.60893 -1.17651e-05
4.61893 -1.17225e-05
4.62894 -1.16801e-05
4.63894 -1.16376e-05
4.64895 -1.15967e-05
4.65895 -1.15587e-05
4.66896 -1.15223e-05
4.67896 -1.14868e-05
4.68897 -1.14535e-05
4.69897 -1.14207e-05
4.70897 -1.13872e-05
4.71898 -1.13544e-05
4.72898 -1.13229e-05
4.73899 -1.12934e-05
4.74899 -1.12652e-05
4.759 -1.12379e-05
4.769 -1.12122e-05
4.77901 -1.11888e-05
4.78901 -1.11674e-05
4.79902 -1.11459e-05
4.80902 -1.1126e-05
4.81902 -1.1108e-05
4.82903 -1.10886e-05
4.83903 -1.10678e-05
4.84904 -1.10485e-05
4.85904 -1.10313e-05
4.86905 -1.10153e-05
4.87905 -1.09998e-05
4.88906 -1.09833e-05
4.89906 -1.09672e-05
4.90906 -1.09531e-05
4.91907 -1.09396e-05
4.92907 -1.09265e-05
4.93908 -1.0915e-05
4.94908 -1.09065e-05
4.95909 -1.0901e-05
4.96909 -1.08961e-05
4.9791 -1.08927e-05
4.9891 -1.08914e-05
4.9991 -1.08909e-05
5.00911 -1.08906e-05
5.01911 -1.08921e-05
5.02912 -1.08968e-05
5.03912 -1.09027e-05
5.04913 -1.09086e-05
5.05913 -1.09146e-05
5.06914 -1.09225e-05
5.07914 -1.09326e-05
5.08915 -1.09432e-05
5.09915 -1.09525e-05
5.10915 -1.09612e-05
5.11916 -1.09718e-05
5.12916 -1.09833e-05
5.13917 -1.09957e-05
5.14917 -1.10093e-05
5.15918 -1.1022e-05
5.16918 -1.10346e-05
5.17919 -1.10495e-05
5.18919 -1.10662e-05
5.19919 -1.10846e-05
5.2092 -1.11046e-05
5.2192 -1.11241e-05
5.22921 -1.1144e-05
5.23921 -1.11649e-05
5.24922 -1.11851e-05
5.25922 -1.12053e-05
5.26923 -1.12272e-05
5.27923 -1.12495e-05
5.28924 -1.12721e-05
5.29924 -1.12962e-05
5.30924 -1.13213e-05
5.31925 -1.13457e-05
5.32925 -1.13692e-05
5.33926 -1.13939e-05
5.34926 -1.14181e-05
5.35927 -1.14413e-05
5.36927 -1.14648e-05
5.37928 -1.14883e-05
5.38928 -1.15121e-05
5.39928 -1.15363e-05
5.40929 -1.15606e-05
5.41929 -1.15861e-05
5.4293 -1.16116e-05
5.4393 -1.16356e-05
5.44931 -1.1658e-05
5.45931 -1.16795e-05
5.46932 -1.17019e-05
5.47932 -1.1723e-05
5.48933 -1.17433e-05
5.49933 -1.1765e-05
5.50933 -1.17876e-05
5.51934 -1.18096e-05
5.52934 -1.18319e-05
5.53935 -1.18574e-05
5.54935 -1.18849e-05
5.55936 -1.19112e-05
5.56936 -1.19365e-05
5.57937 -1.19617e-05
5.58937 -1.19872e-05
5.59937 -1.20131e-05
5.60938 -1.20389e-05
5.61938 -1.20658e-05
5.62939 -1.20932e-05
5.63939 -1.21195e-05
5.6494 -1.21449e-05
5.6594 -1.21696e-05
5.66941 -1.21932e-05
5.67941 -1.22163e-05
5.68941 -1.224e-05
5.69942 -1.22641e-05
5.70942 -1.22877e-05
5.71943 -1.23119e-05
5.72943 -1.23359e-05
5.73944 -1.23598e-05
5.74944 -1.23857e-05
5.75945 -1.24137e-05
5.76945 -1.24407e-05
5.77945 -1.24664e-05
5.78946 -1.24928e-05
5.79946 -1.25202e-05
5.80947 -1.25488e-05
5.81947 -1.25791e-05
5.82948 -1.26098e-05
5.83948 -1.26397e-05
5.84949 -1.26681e-05
5.85949 -1.26951e-05
5.86949 -1.27204e-05
5.8795 -1.27448e-05
5.8895 -1.27691e-05
5.89951 -1.27925e-05
5.90951 -1.28163e-05
5.91952 -1.28401e-05
5.92952 -1.28632e-05
5.93953 -1.28861e-05
5.94953 -1.29086e-05
5.95954 -1.29306e-05
5.96954 -1.29539e-05
5.97954 -1.29773e-05
5.98955 -1.2998e-05
5.99955 -1.30181e-05
6.00956 -1.30394e-05
6.01956 -1.30613e-05
6.02957 -1.3083e-05
6.03957 -1.31041e-05
6.04958 -1.31245e-05
6.05958 -1.31449e-05
6.06958 -1.31649e-05
6.07959 -1.3183e-05
6.08959 -1.32001e-05
6.0996 -1.32183e-05
6.1096 -1.32376e-05
6.11961 -1.32563e-05
6.12961 -1.32741e-05
6.13962 -1.32895e-05
6.14962 -1.33027e-05
6.15962 -1.33152e-05
6.16963 -1.33269e-05
6.17963 -1.334e-05
6.18964 -1.33538e-05
6.19964 -1.33662e-05
6.20965 -1.33774e-05
6.21965 -1.33896e-05
6.22966 -1.34031e-05
6.23966 -1.34149e-05
6.24966 -1.3425e-05
6.25967 -1.34376e-05
6.26967 -1.34519e-05
6.27968 -1.34657e-05
6.28968 -1.3478e-05
6.29969 -1.34875e-05
6.30969 -1.34971e-05
6.3197 -1.351e-05
6.3297 -1.35237e-05
6.3397 -1.35341e-05
6.34971 -1.35423e-05
6.35971 -1.355e-05
6.36972 -1.35585e-05
6.37972 -1.35689e-05
6.38973 -1.35787e-05
6.39973 -1.35868e-05
6.40974 -1.35941e-05
6.41974 -1.36017e-05
6.42975 -1.361e-05
6.43975 -1.36183e-05
6.44975 -1.36245e-05
6.45976 -1.36296e-05
6.46976 -1.36339e-05
6.47977 -1.36372e-05
6.48977 -1.36405e-05
6.49978 -1.36447e-05
6.50978 -1.36499e-05
6.51979 -1.36555e-05
6.52979 -1.36625e-05
6.53979 -1.36698e-05
6.5498 -1.36763e-05
6.5598 -1.36836e-05
6.56981 -1.36904e-05
6.57981 -1.3697e-05
6.58982 -1.37053e-05
6.59982 -1.3713e-05
6.60983 -1.37184e-05
6.61983 -1.37243e-05
6.62983 -1.37306e-05
6.63984 -1.37346e-05
6.64984 -1.37374e-05
6.65985 -1.37397e-05
6.66985 -1.37409e-05
6.67986 -1.37402e-05
6.68986 -1.37395e-05
6.69987 -1.37394e-05
6.70987 -1.37398e-05
6.71987 -1.37404e-05
6.72988 -1.37407e-05
6.73988 -1.37411e-05
6.74989 -1.37419e-05
6.75989 -1.3745e-05
6.7699 -1.37484e-05
6.7799 -1.375e-05
6.78991 -1.37532e-05
6.79991 -1.37568e-05
6.80992 -1.37586e-05
6.81992 -1.37597e-05
6.82992 -1.37613e-05
6.83993 -1.37635e-05
6.84993 -1.37647e-05
6.85994 -1.37644e-05
6.86994 -1.37649e-05
6.87995 -1.37659e-05
6.88995 -1.37649e-05
6.89996 -1.37625e-05
6.90996 -1.37599e-05
6.91996 -1.37577e-05
6.92997 -1.3756e-05
6.93997 -1.37549e-05
6.94998 -1.37533e-05
6.95998 -1.37503e-05
6.96999 -1.37489e-05
6.97999 -1.37478e-05
6.99 -1.37468e-05
7 -1.37469e-05
