-0.0352574 0.00595956
-0.0252671 0.00553455
-0.0152786 0.00511375
-0.00529094 0.00469996
0.00469605 0.00429447
0.0146817 0.00389905
0.0246656 0.00351617
0.0346482 0.00314778
0.04463 0.00279513
0.0546116 0.00245902
0.0645933 0.00214008
0.0745756 0.00183896
0.0845587 0.00155627
0.0945435 0.00129206
0.104531 0.00104469
0.114522 0.000811355
0.124513 0.000590622
0.134504 0.000382552
0.144496 0.000187449
0.154488 5.48651e-06
0.16448 -0.000163281
0.174474 -0.000318988
0.184468 -0.000461935
0.194463 -0.000592535
0.20446 -0.00071132
0.214458 -0.000818861
0.224458 -0.000915719
0.234459 -0.00100251
0.244462 -0.0010798
0.254467 -0.00114813
0.264473 -0.00120807
0.274481 -0.00126013
0.284492 -0.00130478
0.294504 -0.0013425
0.304518 -0.00137372
0.314534 -0.00139886
0.324551 -0.00141833
0.334571 -0.00143252
0.344592 -0.00144179
0.354615 -0.00144649
0.364639 -0.00144696
0.374666 -0.00144354
0.384694 -0.00143654
0.394723 -0.00142624
0.404755 -0.00141292
0.414787 -0.00139685
0.424821 -0.00137827
0.434857 -0.00135743
0.444894 -0.00133454
0.454932 -0.00130984
0.464971 -0.00128353
0.475012 -0.00125578
0.485053 -0.0012268
0.495096 -0.00119672
0.50514 -0.00116573
0.515185 -0.00113398
0.525231 -0.00110159
0.535278 -0.00106871
0.545326 -0.00103544
0.555374 -0.00100191
0.565424 -0.000968205
0.575474 -0.000934452
0.585525 -0.000900739
0.595576 -0.000867158
0.605629 -0.000833786
0.615681 -0.000800698
0.625735 -0.000767957
0.635789 -0.000735614
0.645843 -0.000703731
0.655898 -0.000672366
0.665954 -0.000641562
0.676009 -0.000611371
0.686065 -0.000581841
0.696122 -0.000552983
0.706179 -0.000524831
0.716236 -0.000497428
0.726293 -0.00047079
0.736351 -0.000444947
0.746409 -0.000419914
0.756467 -0.000395694
0.766525 -0.000372308
0.776584 -0.000349764
0.786642 -0.000328078
0.796701 -0.000307255
0.80676 -0.000287284
0.816819 -0.00026816
0.826878 -0.000249882
0.836937 -0.000232455
0.846996 -0.000215873
0.857055 -0.000200131
0.867114 -0.000185217
0.877173 -0.000171126
0.887232 -0.000157853
0.897291 -0.000145376
0.90735 -0.000133679
0.917409 -0.00012275
0.927468 -0.000112575
0.937527 -0.000103141
0.947585 -9.44281e-05
0.957644 -8.64104e-05
0.967703 -7.90721e-05
0.977761 -7.24013e-05
0.987819 -6.63692e-05
0.997878 -6.0954e-05
1.00794 -5.61371e-05
1.01799 -5.18994e-05
1.02805 -4.82196e-05
1.03811 -4.50727e-05
1.04817 -4.24383e-05
1.05822 -4.02923e-05
1.06828 -3.86149e-05
1.07834 -3.73906e-05
1.0884 -3.65948e-05
1.09845 -3.62019e-05
1.10851 -3.61912e-05
1.11857 -3.65402e-05
1.12862 -3.72333e-05
1.13868 -3.825e-05
1.14874 -3.95672e-05
1.15879 -4.11637e-05
1.16885 -4.30153e-05
1.1789 -4.5111e-05
1.18896 -4.74344e-05
1.19902 -4.99638e-05
1.20907 -5.26804e-05
1.21913 -5.55635e-05
1.22918 -5.85977e-05
1.23924 -6.17684e-05
1.24929 -6.50594e-05
1.25935 -6.84546e-05
1.2694 -7.19379e-05
1.27946 -7.54944e-05
1.28951 -7.91114e-05
1.29957 -8.27768e-05
1.30962 -8.64809e-05
1.31968 -9.02109e-05
1.32973 -9.39559e-05
1.33978 -9.77007e-05
1.34984 -0.000101434
1.35989 -0.000105154
1.36995 -0.000108852
1.38 -0.000112511
1.39005 -0.000116125
1.40011 -0.000119691
1.41016 -0.000123203
1.42022 -0.000126651
1.43027 -0.00013003
1.44032 -0.000133336
1.45038 -0.00013656
1.46043 -0.000139699
1.47048 -0.000142752
1.48054 -0.000145712
1.49059 -0.000148579
1.50064 -0.000151353
1.5107 -0.000154026
1.52075 -0.000156594
1.5308 -0.000159061
1.54086 -0.000161428
1.55091 -0.000163689
1.56096 -0.000165842
1.57102 -0.000167891
1.58107 -0.000169834
1.59112 -0.000171672
1.60118 -0.000173407
1.61123 -0.000175038
1.62128 -0.000176563
1.63134 -0.000177984
1.64139 -0.000179305
1.65144 -0.000180529
1.6615 -0.000181654
1.67155 -0.000182678
1.6816 -0.000183607
1.69166 -0.000184446
1.70171 -0.000185192
1.71176 -0.000185848
1.72182 -0.000186422
1.73187 -0.000186914
1.74192 -0.000187323
1.75198 -0.000187655
1.76203 -0.000187908
1.77208 -0.00018809
1.78214 -0.000188201
1.79219 -0.000188245
1.80224 -0.000188224
1.8123 -0.000188142
1.82235 -0.000187998
1.8324 -0.000187799
1.84246 -0.000187549
1.85251 -0.000187243
1.86256 -0.00018689
1.87262 -0.000186494
1.88267 -0.000186057
1.89272 -0.000185581
1.90278 -0.000185066
1.91283 -0.000184512
1.92288 -0.000183928
1.93294 -0.000183315
1.94299 -0.00018267
1.95304 -0.000181999
1.9631 -0.00018131
1.97315 -0.0001806
1.98321 -0.000179875
1.99326 -0.000179137
2.00331 -0.000178382
2.01337 -0.000177615
2.02342 -0.000176839
2.03347 -0.000176055
2.04353 -0.000175267
2.05358 -0.000174474
2.06363 -0.00017368
2.07369 -0.000172888
2.08374 -0.000172096
2.0938 -0.000171306
2.10385 -0.000170518
2.1139 -0.00016974
2.12396 -0.000168972
2.13401 -0.000168213
2.14406 -0.000167462
2.15412 -0.000166722
2.16417 -0.000165996
2.17423 -0.000165283
2.18428 -0.000164586
2.19433 -0.000163906
2.20439 -0.000163241
2.21444 -0.000162596
2.2245 -0.000161968
2.23455 -0.00016136
2.2446 -0.000160775
2.25466 -0.000160212
2.26471 -0.000159672
2.27477 -0.000159151
2.28482 -0.00015865
2.29487 -0.00015817
2.30493 -0.000157711
2.31498 -0.000157278
2.32503 -0.000156867
2.33509 -0.000156478
2.34514 -0.00015611
2.3552 -0.000155765
2.36525 -0.000155443
2.3753 -0.00015514
2.38536 -0.000154857
2.39541 -0.000154596
2.40547 -0.000154358
2.41552 -0.000154139
2.42557 -0.000153942
2.43563 -0.000153765
2.44568 -0.000153606
2.45573 -0.000153469
2.46579 -0.00015335
2.47584 -0.00015325
2.4859 -0.000153167
2.49595 -0.000153102
2.506 -0.000153053
2.51606 -0.00015302
2.52611 -0.000153003
2.53617 -0.000153001
2.54622 -0.000153013
2.55627 -0.000153038
2.56633 -0.000153075
2.57638 -0.000153126
2.58643 -0.000153191
2.59649 -0.000153268
2.60654 -0.000153356
2.6166 -0.000153455
2.62665 -0.000153565
2.6367 -0.000153682
2.64676 -0.000153806
2.65681 -0.000153938
2.66687 -0.000154078
2.67692 -0.000154224
2.68697 -0.000154377
2.69703 -0.000154533
2.70708 -0.000154692
2.71713 -0.000154854
2.72719 -0.000155019
2.73724 -0.000155189
2.7473 -0.000155362
2.75735 -0.000155538
2.7674 -0.000155716
2.77746 -0.000155895
2.78751 -0.000156075
2.79756 -0.000156255
2.80762 -0.000156436
2.81767 -0.000156618
2.82773 -0.000156801
2.83778 -0.000156983
2.84783 -0.000157165
2.85789 -0.000157347
2.86794 -0.000157531
2.87799 -0.000157713
2.88805 -0.000157892
2.8981 -0.00015807
2.90816 -0.000158246
2.91821 -0.000158422
2.92826 -0.000158595
2.93832 -0.000158766
2.94837 -0.000158934
2.95842 -0.000159099
2.96848 -0.000159262
2.97853 -0.000159424
2.98858 -0.000159584
2.99864 -0.000159741
3.00869 -0.000159894
3.01875 -0.000160041
3.0288 -0.000160183
3.03885 -0.000160322
3.04891 -0.000160456
3.05896 -0.000160585
3.06901 -0.00016071
3.07907 -0.000160829
3.08912 -0.000160945
3.09918 -0.000161057
3.10923 -0.000161165
3.11928 -0.000161268
3.12934 -0.000161367
3.13939 -0.000161461
3.14944 -0.00016155
3.1595 -0.000161636
3.16955 -0.000161718
3.17961 -0.000161795
3.18966 -0.000161865
3.19971 -0.000161932
3.20977 -0.000161994
3.21982 -0.000162052
3.22987 -0.000162106
3.23993 -0.000162156
3.24998 -0.000162199
3.26003 -0.000162236
3.27009 -0.000162268
3.28014 -0.000162295
3.2902 -0.000162316
3.30025 -0.000162335
3.3103 -0.000162349
3.32036 -0.000162358
3.33041 -0.000162363
3.34046 -0.000162362
3.35052 -0.000162358
3.36057 -0.000162352
3.37063 -0.000162342
3.38068 -0.000162329
3.39073 -0.000162312
3.40079 -0.000162291
3.41084 -0.000162267
3.42089 -0.000162238
3.43095 -0.000162207
3.441 -0.000162172
3.45105 -0.000162134
3.46111 -0.000162095
3.47116 -0.000162054
3.48122 -0.00016201
3.49127 -0.000161962
3.50132 -0.000161912
3.51138 -0.000161861
3.52143 -0.000161811
3.53148 -0.000161759
3.54154 -0.000161705
3.55159 -0.000161649
3.56165 -0.000161593
3.5717 -0.000161536
3.58175 -0.000161479
3.59181 -0.000161422
3.60186 -0.000161366
3.61191 -0.000161309
3.62197 -0.000161252
3.63202 -0.000161196
3.64208 -0.00016114
3.65213 -0.000161084
3.66218 -0.000161029
3.67224 -0.000160974
3.68229 -0.000160918
3.69234 -0.000160862
3.7024 -0.00016081
3.71245 -0.00016076
3.7225 -0.00016071
3.73256 -0.00016066
3.74261 -0.000160611
3.75267 -0.000160565
3.76272 -0.00016052
3.77277 -0.000160476
3.78283 -0.000160432
3.79288 -0.000160389
3.80293 -0.000160347
3.81299 -0.000160306
3.82304 -0.000160266
3.8331 -0.000160229
3.84315 -0.000160193
3.8532 -0.000160155
3.86326 -0.000160119
3.87331 -0.000160086
3.88336 -0.000160058
3.89342 -0.00016003
3.90347 -0.000160003
3.91353 -0.000159977
3.92358 -0.000159951
3.93363 -0.000159927
3.94369 -0.000159906
3.95374 -0.000159887
3.96379 -0.000159866
3.97385 -0.000159847
3.9839 -0.000159829
3.99395 -0.000159813
4.00401 -0.000159799
4.01406 -0.000159786
4.02412 -0.000159771
4.03417 -0.000159755
4.04422 -0.000159742
4.05428 -0.000159732
4.06433 -0.000159721
4.07438 -0.000159711
4.08444 -0.000159703
4.09449 -0.000159696
4.10455 -0.000159688
4.1146 -0.000159682
4.12465 -0.000159676
4.13471 -0.000159671
4.14476 -0.000159666
4.15481 -0.000159662
4.16487 -0.000159657
4.17492 -0.000159653
4.18498 -0.00015965
4.19503 -0.000159648
4.20508 -0.000159647
4.21514 -0.000159647
4.22519 -0.00015965
4.23524 -0.000159652
4.2453 -0.000159653
4.25535 -0.000159654
4.2654 -0.00015966
4.27546 -0.000159668
4.28551 -0.000159677
4.29557 -0.000159686
4.30562 -0.000159694
4.31567 -0.000159701
4.32573 -0.00015971
4.33578 -0.000159721
4.34583 -0.000159734
4.35589 -0.000159747
4.36594 -0.000159761
4.376 -0.000159777
4.38605 -0.000159792
4.3961 -0.000159807
4.40616 -0.000159823
4.41621 -0.00015984
4.42626 -0.000159857
4.43632 -0.000159875
4.44637 -0.000159892
4.45642 -0.000159908
4.46648 -0.000159924
4.47653 -0.00015994
4.48659 -0.000159956
4.49664 -0.000159972
4.50669 -0.00015999
4.51675 -0.000160008
4.5268 -0.000160026
4.53685 -0.000160043
4.54691 -0.00016006
4.55696 -0.000160077
4.56702 -0.000160093
4.57707 -0.000160112
4.58712 -0.000160129
4.59718 -0.000160145
4.60723 -0.000160161
4.61728 -0.000160175
4.62734 -0.000160186
4.63739 -0.000160197
4.64744 -0.00016021
4.6575 -0.000160222
4.66755 -0.000160234
4.67761 -0.000160246
4.68766 -0.000160257
4.69771 -0.000160265
4.70777 -0.000160273
4.71782 -0.000160281
4.72787 -0.000160289
4.73793 -0.000160296
4.74798 -0.000160303
4.75804 -0.000160309
4.76809 -0.000160316
4.77814 -0.000160323
4.7882 -0.000160329
4.79825 -0.000160335
4.8083 -0.000160342
4.81836 -0.000160345
4.82841 -0.000160346
4.83846 -0.000160348
4.84852 -0.00016035
4.85857 -0.000160352
4.86863 -0.000160353
4.87868 -0.000160351
4.88873 -0.000160349
4.89879 -0.000160347
4.90884 -0.000160344
4.91889 -0.000160341
4.92895 -0.000160338
4.939 -0.000160336
4.94906 -0.000160336
4.95911 -0.000160335
4.96916 -0.000160335
4.97922 -0.000160336
4.98927 -0.000160337
4.99932 -0.000160337
5.00938 -0.000160336
5.01943 -0.000160339
5.02948 -0.000160342
5.03954 -0.000160343
5.04959 -0.000160343
5.05965 -0.000160344
5.0697 -0.000160347
5.07975 -0.000160349
5.08981 -0.000160349
5.09986 -0.000160347
5.10991 -0.000160345
5.11997 -0.000160344
5.13002 -0.000160343
5.14007 -0.000160343
5.15013 -0.00016034
5.16018 -0.000160338
5.17024 -0.000160337
5.18029 -0.000160336
5.19034 -0.000160338
5.2004 -0.00016034
5.21045 -0.00016034
5.2205 -0.00016034
5.23056 -0.00016034
5.24061 -0.00016034
5.25067 -0.000160339
5.26072 -0.000160339
5.27077 -0.000160339
5.28083 -0.000160339
5.29088 -0.000160339
5.30093 -0.000160339
5.31099 -0.000160338
5.32104 -0.000160336
5.33109 -0.000160336
5.34115 -0.000160335
5.3512 -0.000160332
5.36126 -0.000160329
5.37131 -0.000160325
5.38136 -0.000160322
5.39142 -0.000160319
5.40147 -0.000160315
5.41152 -0.000160313
5.42158 -0.00016031
5.43163 -0.000160305
5.44168 -0.000160299
5.45174 -0.000160291
5.46179 -0.000160284
5.47185 -0.000160275
5.4819 -0.000160266
5.49195 -0.000160258
5.50201 -0.000160251
5.51206 -0.000160244
5.52211 -0.000160237
5.53217 -0.000160232
5.54222 -0.000160229
5.55228 -0.000160224
5.56233 -0.000160219
5.57238 -0.000160215
5.58244 -0.00016021
5.59249 -0.000160205
5.60254 -0.0001602
5.6126 -0.000160196
5.62265 -0.000160193
5.6327 -0.000160187
5.64276 -0.000160181
5.65281 -0.000160175
5.66287 -0.000160168
5.67292 -0.000160161
5.68297 -0.000160155
5.69303 -0.000160149
5.70308 -0.000160142
5.71313 -0.000160135
5.72319 -0.000160129
5.73324 -0.000160123
5.74329 -0.00016012
5.75335 -0.000160119
5.7634 -0.000160117
5.77346 -0.000160114
5.78351 -0.000160112
5.79356 -0.00016011
5.80362 -0.00016011
5.81367 -0.000160112
5.82372 -0.000160114
5.83378 -0.000160117
5.84383 -0.000160118
5.85389 -0.000160117
5.86394 -0.000160115
5.87399 -0.000160112
5.88405 -0.00016011
5.8941 -0.000160108
5.90415 -0.000160106
5.91421 -0.000160105
5.92426 -0.000160104
5.93431 -0.000160103
5.94437 -0.000160102
5.95442 -0.0001601
5.96448 -0.0001601
5.97453 -0.000160099
5.98458 -0.000160098
5.99464 -0.000160096
6.00469 -0.000160097
6.01474 -0.000160097
6.0248 -0.000160098
6.03485 -0.000160099
6.0449 -0.0001601
6.05496 -0.000160101
6.06501 -0.000160103
6.07507 -0.000160102
6.08512 -0.000160102
6.09517 -0.000160103
6.10523 -0.000160105
6.11528 -0.000160108
6.12533 -0.00016011
6.13539 -0.00016011
6.14544 -0.000160109
6.15549 -0.000160107
6.16555 -0.000160104
6.1756 -0.000160102
6.18566 -0.000160102
6.19571 -0.000160101
6.20576 -0.000160099
6.21582 -0.000160099
6.22587 -0.000160101
6.23592 -0.000160101
6.24598 -0.0001601
6.25603 -0.0001601
6.26608 -0.000160103
6.27614 -0.000160106
6.28619 -0.000160108
6.29625 -0.000160109
6.3063 -0.00016011
6.31635 -0.000160114
6.32641 -0.000160118
6.33646 -0.000160119
6.34651 -0.000160119
6.35657 -0.000160118
6.36662 -0.000160119
6.37667 -0.000160122
6.38673 -0.000160124
6.39678 -0.000160124
6.40684 -0.000160123
6.41689 -0.000160123
6.42694 -0.000160125
6.437 -0.000160126
6.44705 -0.000160125
6.4571 -0.000160123
6.46716 -0.00016012
6.47721 -0.000160116
6.48726 -0.000160113
6.49732 -0.000160111
6.50737 -0.000160108
6.51743 -0.000160106
6.52748 -0.000160106
6.53753 -0.000160107
6.54759 -0.000160107
6.55764 -0.000160108
6.56769 -0.000160108
6.57775 -0.000160108
6.5878 -0.00016011
6.59785 -0.00016011
6.60791 -0.000160108
6.61796 -0.000160108
6.62802 -0.000160107
6.63807 -0.000160103
6.64812 -0.000160099
6.65818 -0.000160096
6.66823 -0.00016009
6.67828 -0.000160083
6.68834 -0.000160076
6.69839 -0.000160071
6.70844 -0.000160065
6.7185 -0.00016006
6.72855 -0.000160053
6.73861 -0.000160047
6.74866 -0.00016004
6.75871 -0.000160037
6.76877 -0.000160033
6.77882 -0.000160028
6.78887 -0.000160026
6.79893 -0.000160023
6.80898 -0.000160019
6.81903 -0.000160014
6.82909 -0.00016001
6.83914 -0.000160006
6.8492 -0.000160002
6.85925 -0.000159997
6.8693 -0.000159991
6.87936 -0.000159987
6.88941 -0.000159982
6.89946 -0.000159975
6.90952 -0.000159969
6.91957 -0.000159964
6.92962 -0.00015996
6.93968 -0.000159956
6.94973 -0.000159952
6.95979 -0.000159947
6.96984 -0.000159944
6.97989 -0.000159941
6.98995 -0.000159939
7 -0.000159938
