-0.0200368 0.00443695
-0.0100411 0.00415859
-4.629e-05 0.00388261
0.0099479 0.00361059
0.0199417 0.00334325
0.0299347 0.00308149
0.0399268 0.00282659
0.0499179 0.00257965
0.0599085 0.00234141
0.0698987 0.00211237
0.0798888 0.00189286
0.089879 0.00168322
0.0998694 0.00148378
0.10986 0.00129482
0.119852 0.00111642
0.129845 0.00094779
0.13984 0.000787521
0.149834 0.000634928
0.159829 0.000489904
0.169825 0.00035249
0.17982 0.000222784
0.189816 0.000100796
0.199812 -1.35652e-05
0.209808 -0.000120433
0.219805 -0.000220013
0.229803 -0.000312531
0.239801 -0.0003982
0.249799 -0.000477299
0.259799 -0.000550098
0.269799 -0.000616851
0.2798 -0.000677857
0.289801 -0.000733376
0.299804 -0.000783664
0.309807 -0.000828976
0.319811 -0.000869544
0.329817 -0.000905589
0.339823 -0.00093736
0.34983 -0.000965075
0.359838 -0.000988928
0.369847 -0.00100913
0.379856 -0.00102589
0.389867 -0.0010394
0.399879 -0.00104987
0.409891 -0.00105746
0.419905 -0.00106234
0.429919 -0.00106469
0.439934 -0.00106465
0.44995 -0.0010624
0.459966 -0.00105809
0.469984 -0.00105186
0.480002 -0.00104386
0.490021 -0.00103421
0.500041 -0.00102305
0.510061 -0.00101048
0.520083 -0.00099664
0.530104 -0.000981636
0.540127 -0.000965558
0.55015 -0.00094852
0.560174 -0.000930608
0.570198 -0.000911907
0.580223 -0.000892505
0.590248 -0.000872494
0.600274 -0.000851953
0.610301 -0.000830962
0.620327 -0.000809587
0.630355 -0.000787897
0.640383 -0.000765948
0.650411 -0.000743788
0.660439 -0.000721477
0.670468 -0.000699074
0.680498 -0.000676625
0.690527 -0.000654185
0.700557 -0.000631806
0.710588 -0.000609506
0.720618 -0.000587325
0.730649 -0.000565318
0.740681 -0.000543509
0.750712 -0.000521937
0.760744 -0.000500632
0.770776 -0.000479606
0.780808 -0.000458897
0.79084 -0.000438525
0.800873 -0.00041852
0.810906 -0.000398903
0.820939 -0.000379678
0.830972 -0.000360856
0.841005 -0.000342453
0.851038 -0.000324491
0.861072 -0.00030698
0.871105 -0.000289933
0.881139 -0.000273356
0.891172 -0.000257261
0.901206 -0.000241663
0.91124 -0.000226554
0.921274 -0.00021194
0.931308 -0.000197825
0.941342 -0.000184213
0.951376 -0.000171109
0.96141 -0.00015851
0.971444 -0.000146409
0.981478 -0.000134806
0.991512 -0.000123708
1.00155 -0.000113102
1.01158 -0.000102983
1.02161 -9.33484e-05
1.03165 -8.41956e-05
1.04168 -7.55186e-05
1.05172 -6.73073e-05
1.06175 -5.95562e-05
1.07178 -5.22559e-05
1.08182 -4.54003e-05
1.09185 -3.89874e-05
1.10189 -3.30056e-05
1.11192 -2.7442e-05
1.12195 -2.22877e-05
1.13199 -1.75317e-05
1.14202 -1.31692e-05
1.15206 -9.19011e-06
1.16209 -5.58101e-06
1.17212 -2.32996e-06
1.18216 5.7816e-07
1.19219 3.14595e-06
1.20222 5.38224e-06
1.21226 7.30182e-06
1.22229 8.91717e-06
1.23232 1.02428e-05
1.24235 1.12886e-05
1.25239 1.20642e-05
1.26242 1.25813e-05
1.27245 1.28524e-05
1.28249 1.28898e-05
1.29252 1.27055e-05
1.30255 1.23094e-05
1.31258 1.17116e-05
1.32262 1.09202e-05
1.33265 9.94687e-06
1.34268 8.80162e-06
1.35271 7.49929e-06
1.36274 6.05099e-06
1.37278 4.459e-06
1.38281 2.73358e-06
1.39284 8.90921e-07
1.40287 -1.06117e-06
1.4129 -3.11687e-06
1.42293 -5.2689e-06
1.43297 -7.50542e-06
1.443 -9.81831e-06
1.45303 -1.22014e-05
1.46306 -1.46427e-05
1.47309 -1.71367e-05
1.48312 -1.9677e-05
1.49316 -2.22555e-05
1.50319 -2.48681e-05
1.51322 -2.7511e-05
1.52325 -3.01716e-05
1.53328 -3.28428e-05
1.54331 -3.55243e-05
1.55334 -3.82121e-05
1.56337 -4.08967e-05
1.5734 -4.35718e-05
1.58343 -4.62364e-05
1.59347 -4.88856e-05
1.6035 -5.15138e-05
1.61353 -5.41194e-05
1.62356 -5.66975e-05
1.63359 -5.92405e-05
1.64362 -6.17468e-05
1.65365 -6.42161e-05
1.66368 -6.66469e-05
1.67371 -6.90317e-05
1.68374 -7.13654e-05
1.69377 -7.36501e-05
1.7038 -7.58851e-05
1.71383 -7.80642e-05
1.72386 -8.01858e-05
1.73389 -8.22546e-05
1.74392 -8.42653e-05
1.75396 -8.62152e-05
1.76399 -8.81042e-05
1.77402 -8.99287e-05
1.78405 -9.16915e-05
1.79408 -9.33914e-05
1.80411 -9.50261e-05
1.81414 -9.6597e-05
1.82417 -9.81032e-05
1.8342 -9.95411e-05
1.84423 -0.000100916
1.85426 -0.000102228
1.86429 -0.000103469
1.87432 -0.000104648
1.88435 -0.000105764
1.89438 -0.000106817
1.90441 -0.000107809
1.91444 -0.000108735
1.92447 -0.000109595
1.9345 -0.000110395
1.94453 -0.000111135
1.95456 -0.000111811
1.96459 -0.000112428
1.97462 -0.00011299
1.98465 -0.000113493
1.99468 -0.000113945
2.00471 -0.000114344
2.01475 -0.000114687
2.02478 -0.000114977
2.03481 -0.000115216
2.04484 -0.000115406
2.05487 -0.00011555
2.0649 -0.000115645
2.07493 -0.000115697
2.08496 -0.000115706
2.09499 -0.000115673
2.10502 -0.000115598
2.11505 -0.000115482
2.12508 -0.000115332
2.13511 -0.00011515
2.14514 -0.000114933
2.15517 -0.000114682
2.1652 -0.0001144
2.17523 -0.000114089
2.18526 -0.000113752
2.19529 -0.000113391
2.20532 -0.000113005
2.21536 -0.000112596
2.22539 -0.000112168
2.23542 -0.000111721
2.24545 -0.000111256
2.25548 -0.000110778
2.26551 -0.000110287
2.27554 -0.000109785
2.28557 -0.00010927
2.2956 -0.000108743
2.30563 -0.000108204
2.31566 -0.000107658
2.32569 -0.000107108
2.33572 -0.000106552
2.34575 -0.000105992
2.35578 -0.000105426
2.36582 -0.00010486
2.37585 -0.000104292
2.38588 -0.000103722
2.39591 -0.00010315
2.40594 -0.00010258
2.41597 -0.000102013
2.426 -0.000101449
2.43603 -0.000100889
2.44606 -0.000100334
2.45609 -9.97832e-05
2.46612 -9.92396e-05
2.47615 -9.87025e-05
2.48618 -9.81724e-05
2.49622 -9.76507e-05
2.50625 -9.71368e-05
2.51628 -9.66309e-05
2.52631 -9.61348e-05
2.53634 -9.56478e-05
2.54637 -9.51703e-05
2.5564 -9.47037e-05
2.56643 -9.42461e-05
2.57646 -9.37979e-05
2.58649 -9.33621e-05
2.59652 -9.29392e-05
2.60655 -9.2529e-05
2.61658 -9.21309e-05
2.62662 -9.17452e-05
2.63665 -9.13733e-05
2.64668 -9.10114e-05
2.65671 -9.06598e-05
2.66674 -9.03218e-05
2.67677 -8.99957e-05
2.6868 -8.96824e-05
2.69683 -8.93812e-05
2.70686 -8.90905e-05
2.71689 -8.88103e-05
2.72692 -8.85411e-05
2.73695 -8.82833e-05
2.74699 -8.80384e-05
2.75702 -8.78067e-05
2.76705 -8.75877e-05
2.77708 -8.73805e-05
2.78711 -8.71844e-05
2.79714 -8.69997e-05
2.80717 -8.68262e-05
2.8172 -8.66646e-05
2.82723 -8.65159e-05
2.83726 -8.6379e-05
2.84729 -8.62535e-05
2.85732 -8.61404e-05
2.86736 -8.60396e-05
2.87739 -8.59518e-05
2.88742 -8.58748e-05
2.89745 -8.58078e-05
2.90748 -8.57516e-05
2.91751 -8.57062e-05
2.92754 -8.56726e-05
2.93757 -8.56494e-05
2.9476 -8.56358e-05
2.95763 -8.56319e-05
2.96766 -8.56372e-05
2.97769 -8.56527e-05
2.98772 -8.56795e-05
2.99776 -8.57164e-05
3.00779 -8.57615e-05
3.01782 -8.58138e-05
3.02785 -8.58714e-05
3.03788 -8.5936e-05
3.04791 -8.60093e-05
3.05794 -8.60879e-05
3.06797 -8.6172e-05
3.078 -8.62628e-05
3.08803 -8.63587e-05
3.09806 -8.646e-05
3.10809 -8.65682e-05
3.11812 -8.66815e-05
3.12816 -8.6799e-05
3.13819 -8.69209e-05
3.14822 -8.70463e-05
3.15825 -8.71759e-05
3.16828 -8.73093e-05
3.17831 -8.74471e-05
3.18834 -8.75871e-05
3.19837 -8.7728e-05
3.2084 -8.78722e-05
3.21843 -8.80186e-05
3.22846 -8.81666e-05
3.23849 -8.83163e-05
3.24852 -8.84667e-05
3.25856 -8.86158e-05
3.26859 -8.8764e-05
3.27862 -8.89124e-05
3.28865 -8.90587e-05
3.29868 -8.92044e-05
3.30871 -8.93507e-05
3.31874 -8.94962e-05
3.32877 -8.964e-05
3.3388 -8.97813e-05
3.34883 -8.99201e-05
3.35886 -9.00587e-05
3.36889 -9.01967e-05
3.37892 -9.03327e-05
3.38895 -9.04667e-05
3.39899 -9.05974e-05
3.40902 -9.07255e-05
3.41905 -9.08507e-05
3.42908 -9.09726e-05
3.43911 -9.10911e-05
3.44914 -9.12063e-05
3.45917 -9.13192e-05
3.4692 -9.143e-05
3.47923 -9.1538e-05
3.48926 -9.1642e-05
3.49929 -9.17411e-05
3.50932 -9.18364e-05
3.51935 -9.193e-05
3.52938 -9.20224e-05
3.53941 -9.2112e-05
3.54945 -9.21967e-05
3.55948 -9.22784e-05
3.56951 -9.23576e-05
3.57954 -9.24336e-05
3.58957 -9.25072e-05
3.5996 -9.25789e-05
3.60963 -9.26475e-05
3.61966 -9.27127e-05
3.62969 -9.27762e-05
3.63972 -9.28372e-05
3.64975 -9.28952e-05
3.65978 -9.29498e-05
3.66981 -9.30021e-05
3.67984 -9.30511e-05
3.68988 -9.30953e-05
3.69991 -9.31367e-05
3.70994 -9.31787e-05
3.71997 -9.32194e-05
3.73 -9.32558e-05
3.74003 -9.3289e-05
3.75006 -9.33204e-05
3.76009 -9.33511e-05
3.77012 -9.33793e-05
3.78015 -9.34038e-05
3.79018 -9.34256e-05
3.80021 -9.34459e-05
3.81024 -9.34632e-05
3.82027 -9.34773e-05
3.83031 -9.34898e-05
3.84034 -9.35008e-05
3.85037 -9.35091e-05
3.8604 -9.35131e-05
3.87043 -9.35144e-05
3.88046 -9.35161e-05
3.89049 -9.35181e-05
3.90052 -9.35182e-05
3.91055 -9.35159e-05
3.92058 -9.35111e-05
3.93061 -9.35032e-05
3.94064 -9.34938e-05
3.95067 -9.34842e-05
3.9607 -9.34731e-05
3.97073 -9.34588e-05
3.98077 -9.34425e-05
3.9908 -9.34251e-05
4.00083 -9.34063e-05
4.01086 -9.33876e-05
4.02089 -9.3367e-05
4.03092 -9.33409e-05
4.04095 -9.33124e-05
4.05098 -9.3285e-05
4.06101 -9.32571e-05
4.07104 -9.32267e-05
4.08107 -9.31948e-05
4.0911 -9.31629e-05
4.10113 -9.31299e-05
4.11116 -9.30951e-05
4.1212 -9.30593e-05
4.13123 -9.3022e-05
4.14126 -9.29836e-05
4.15129 -9.29442e-05
4.16132 -9.29041e-05
4.17135 -9.28632e-05
4.18138 -9.28218e-05
4.19141 -9.27794e-05
4.20144 -9.27364e-05
4.21147 -9.26941e-05
4.2215 -9.26525e-05
4.23153 -9.26115e-05
4.24156 -9.25698e-05
4.25159 -9.25267e-05
4.26162 -9.2484e-05
4.27166 -9.2444e-05
4.28169 -9.24054e-05
4.29172 -9.23679e-05
4.30175 -9.23316e-05
4.31178 -9.22936e-05
4.32181 -9.22545e-05
4.33184 -9.22175e-05
4.34187 -9.21828e-05
4.3519 -9.21491e-05
4.36193 -9.21166e-05
4.37196 -9.20851e-05
4.38199 -9.20545e-05
4.39202 -9.20244e-05
4.40205 -9.19951e-05
4.41209 -9.19675e-05
4.42212 -9.19411e-05
4.43215 -9.19155e-05
4.44218 -9.18905e-05
4.45221 -9.18654e-05
4.46224 -9.18402e-05
4.47227 -9.18162e-05
4.4823 -9.1793e-05
4.49233 -9.17701e-05
4.50236 -9.17484e-05
4.51239 -9.17282e-05
4.52242 -9.17093e-05
4.53245 -9.16918e-05
4.54248 -9.16753e-05
4.55252 -9.16592e-05
4.56255 -9.16431e-05
4.57258 -9.16282e-05
4.58261 -9.16156e-05
4.59264 -9.16032e-05
4.60267 -9.15904e-05
4.6127 -9.15785e-05
4.62273 -9.15658e-05
4.63276 -9.15517e-05
4.64279 -9.15384e-05
4.65282 -9.15279e-05
4.66285 -9.15183e-05
4.67288 -9.15084e-05
4.68291 -9.14998e-05
4.69295 -9.14904e-05
4.70298 -9.148e-05
4.71301 -9.14701e-05
4.72304 -9.14611e-05
4.73307 -9.14531e-05
4.7431 -9.14457e-05
4.75313 -9.14386e-05
4.76316 -9.14321e-05
4.77319 -9.14272e-05
4.78322 -9.14237e-05
4.79325 -9.14195e-05
4.80328 -9.14164e-05
4.81331 -9.14146e-05
4.82334 -9.14106e-05
4.83337 -9.14052e-05
4.84341 -9.14013e-05
4.85344 -9.13988e-05
4.86347 -9.13968e-05
4.8735 -9.13942e-05
4.88353 -9.13897e-05
4.89356 -9.13852e-05
4.90359 -9.13821e-05
4.91362 -9.13793e-05
4.92365 -9.1377e-05
4.93368 -9.13752e-05
4.94371 -9.13751e-05
4.95374 -9.13773e-05
4.96377 -9.13799e-05
4.9738 -9.13833e-05
4.98384 -9.13885e-05
4.99387 -9.13946e-05
5.0039 -9.14e-05
5.01393 -9.14061e-05
5.02396 -9.14152e-05
5.03399 -9.1425e-05
5.04402 -9.14335e-05
5.05405 -9.14414e-05
5.06408 -9.14507e-05
5.07411 -9.1462e-05
5.08414 -9.14735e-05
5.09417 -9.14831e-05
5.1042 -9.14913e-05
5.11423 -9.15004e-05
5.12426 -9.15103e-05
5.1343 -9.15209e-05
5.14433 -9.15314e-05
5.15436 -9.15402e-05
5.16439 -9.15491e-05
5.17442 -9.15598e-05
5.18445 -9.15717e-05
5.19448 -9.15852e-05
5.20451 -9.15997e-05
5.21454 -9.16126e-05
5.22457 -9.16255e-05
5.2346 -9.16393e-05
5.24463 -9.16526e-05
5.25466 -9.1665e-05
5.26469 -9.16783e-05
5.27472 -9.16912e-05
5.28476 -9.17034e-05
5.29479 -9.17165e-05
5.30482 -9.17304e-05
5.31485 -9.17426e-05
5.32488 -9.17538e-05
5.33491 -9.17664e-05
5.34494 -9.17785e-05
5.35497 -9.17892e-05
5.365 -9.17992e-05
5.37503 -9.18084e-05
5.38506 -9.18174e-05
5.39509 -9.18265e-05
5.40512 -9.18353e-05
5.41515 -9.1845e-05
5.42519 -9.18543e-05
5.43522 -9.1862e-05
5.44525 -9.18677e-05
5.45528 -9.18721e-05
5.46531 -9.18765e-05
5.47534 -9.18788e-05
5.48537 -9.188e-05
5.4954 -9.18828e-05
5.50543 -9.18868e-05
5.51546 -9.18903e-05
5.52549 -9.18938e-05
5.53552 -9.18997e-05
5.54555 -9.19065e-05
5.55558 -9.19117e-05
5.56561 -9.19159e-05
5.57565 -9.192e-05
5.58568 -9.19239e-05
5.59571 -9.1928e-05
5.60574 -9.19316e-05
5.61577 -9.19356e-05
5.6258 -9.19398e-05
5.63583 -9.19425e-05
5.64586 -9.19443e-05
5.65589 -9.19455e-05
5.66592 -9.19453e-05
5.67595 -9.19449e-05
5.68598 -9.19452e-05
5.69601 -9.19451e-05
5.70604 -9.19444e-05
5.71607 -9.19438e-05
5.72611 -9.19427e-05
5.73614 -9.19418e-05
5.74617 -9.19434e-05
5.7562 -9.19468e-05
5.76623 -9.19495e-05
5.77626 -9.19508e-05
5.78629 -9.19524e-05
5.79632 -9.19545e-05
5.80635 -9.19579e-05
5.81638 -9.19629e-05
5.82641 -9.19685e-05
5.83644 -9.19741e-05
5.84647 -9.19782e-05
5.8565 -9.19802e-05
5.86654 -9.19798e-05
5.87657 -9.19789e-05
5.8866 -9.19787e-05
5.89663 -9.19784e-05
5.90666 -9.19786e-05
5.91669 -9.19784e-05
5.92672 -9.19777e-05
5.93675 -9.19774e-05
5.94678 -9.19763e-05
5.95681 -9.19743e-05
5.96684 -9.19736e-05
5.97687 -9.19732e-05
5.9869 -9.19708e-05
5.99693 -9.19689e-05
6.00696 -9.19686e-05
6.01699 -9.19684e-05
6.02703 -9.19678e-05
6.03706 -9.19672e-05
6.04709 -9.19661e-05
6.05712 -9.19652e-05
6.06715 -9.19646e-05
6.07718 -9.19624e-05
6.08721 -9.19593e-05
6.09724 -9.19574e-05
6.10727 -9.19571e-05
6.1173 -9.19569e-05
6.12733 -9.19563e-05
6.13736 -9.19537e-05
6.14739 -9.19495e-05
6.15742 -9.19438e-05
6.16746 -9.1937e-05
6.17749 -9.1932e-05
6.18752 -9.19287e-05
6.19755 -9.19245e-05
6.20758 -9.19194e-05
6.21761 -9.19153e-05
6.22764 -9.1913e-05
6.23767 -9.1909e-05
6.2477 -9.1903e-05
6.25773 -9.18996e-05
6.26776 -9.18985e-05
6.27779 -9.18973e-05
6.28782 -9.18954e-05
6.29785 -9.18916e-05
6.30788 -9.18881e-05
6.31791 -9.18876e-05
6.32795 -9.18877e-05
6.33798 -9.18843e-05
6.34801 -9.18792e-05
6.35804 -9.18745e-05
6.36807 -9.18713e-05
6.3781 -9.18698e-05
6.38813 -9.18671e-05
6.39816 -9.18624e-05
6.40819 -9.18573e-05
6.41822 -9.18537e-05
6.42825 -9.18516e-05
6.43828 -9.1849e-05
6.44831 -9.18445e-05
6.45834 -9.18387e-05
6.46838 -9.18318e-05
6.47841 -9.18241e-05
6.48844 -9.18174e-05
6.49847 -9.18121e-05
6.5085 -9.18072e-05
6.51853 -9.18025e-05
6.52856 -9.17996e-05
6.53859 -9.17973e-05
6.54862 -9.17948e-05
6.55865 -9.17929e-05
6.56868 -9.17901e-05
6.57871 -9.17873e-05
6.58874 -9.17861e-05
6.59877 -9.17843e-05
6.6088 -9.17809e-05
6.61883 -9.17784e-05
6.62887 -9.17759e-05
6.6389 -9.1771e-05
6.64893 -9.17654e-05
6.65896 -9.17598e-05
6.66899 -9.17524e-05
6.67902 -9.17433e-05
6.68905 -9.17347e-05
6.69908 -9.17275e-05
6.70911 -9.17205e-05
6.71914 -9.17135e-05
6.72917 -9.17065e-05
6.7392 -9.16993e-05
6.74923 -9.16922e-05
6.75926 -9.16882e-05
6.76929 -9.1685e-05
6.77933 -9.16802e-05
6.78936 -9.16774e-05
6.79939 -9.16746e-05
6.80942 -9.16702e-05
6.81945 -9.16657e-05
6.82948 -9.16614e-05
6.83951 -9.16575e-05
6.84954 -9.16535e-05
6.85957 -9.16484e-05
6.8696 -9.16437e-05
6.87963 -9.16398e-05
6.88966 -9.16345e-05
6.89969 -9.16284e-05
6.90972 -9.16224e-05
6.91975 -9.16175e-05
6.92979 -9.16134e-05
6.93982 -9.16098e-05
6.94985 -9.16059e-05
6.95988 -9.16011e-05
6.96991 -9.1598e-05
6.97994 -9.15959e-05
6.98997 -9.15941e-05
7 -9.15938e-05
