     1        0   0.000
     2    27673   0.000
     3    55378   0.000
     4    83050   0.000
     5   110722   0.000
     6   138394   0.000
     7   166066   0.000
     8   193738   0.000
     9   221410   0.000
    10   249082   0.000
    11   276754   0.000
    12   304426   0.000
    13   332098   0.000
    14   359770   0.000
    15   387442   0.000
    16   415114   0.000
    17   442786   0.000
    18   470458   0.000
    19   498130   0.000
    20   525802   0.000
    21   553474   0.000
    22   581146   0.000
    23   608818   0.000
    24   636490   0.000
    25   664162   0.000
    26   691834   0.000
    27   719506   0.000
    28   747178   0.000
    29   774850   0.000
    30   802522   0.000
    31   830194   0.000
    32   857866   0.000
    33   885538   0.000
    34   913210   0.000
    35   940882   0.000
    36   968554   0.000
    37   996226   0.000
    38  1023898   0.000
    39  1051570   0.000
    40  1079242   0.000
    41  1106914   0.000
    42  1134586   0.000
    43  1162258   0.000
    44  1189930   0.000
    45  1217602   0.000
    46  1245274   0.000
    47  1272946   0.000
    48  1300618   0.000
    49  1328290   0.000
    50  1355962   0.000
    51  1383634   0.000
    52  1411306   0.000
    53  1438978   0.000
    54  1466650   0.000
    55  1494322   0.000
    56  1521994   0.000
    57  1549666   0.000
    58  1577338   0.000
    59  1605010   0.000
    60  1632682   0.000
    61  1660354   0.000
    62  1688026   0.000
