     1        0   302400   0.000
     2    27673   302400   0.000
     3    55378   302400   0.000
     4    83050   302400   0.000
     5   110722   302400   0.000
     6   138394   302400   0.000
     7   166066   302400   0.000
     8   193738   302400   0.000
     9   221410   302400   0.000
    10   249082   302400   0.000
    11   276754   302400   0.000
    12   304426   302400   0.000
    13   332098   302400   0.000
    14   359770   302400   0.000
    15   387442   302400   0.000
    16   415114   302400   0.000
    17   442786   302400   0.000
    18   470458   302400   0.000
    19   498130   302400   0.000
    20   525802   302400   0.000
    21   553474   302400   0.000
    22   581146   302400   0.000
    23   608818   302400   0.000
    24   636490   302400   0.000
    25   664162   302400   0.000
    26   691834   302400   0.000
    27   719506   302400   0.000
    28   747178   302400   0.000
    29   774850   302400   0.000
    30   802522   302400   0.000
    31   830194   302400   0.000
    32   857866   302400   0.000
    33   885538   302400   0.000
    34   913210   302400   0.000
    35   940882   302400   0.000
    36   968554   302400   0.000
    37   996226   302400   0.000
    38  1023898   302400   0.000
    39  1051570   302400   0.000
    40  1079242   302400   0.000
    41  1106914   302400   0.000
    42  1134586   302400   0.000
    43  1162258   302400   0.000
    44  1189930   302400   0.000
    45  1217602   302400   0.000
    46  1245274   302400   0.000
    47  1272946   302400   0.000
    48  1300618   302400   0.000
    49  1328290   302400   0.000
    50  1355962   302400   0.000
    51  1383634   302400   0.000
    52  1411306   302400   0.000
    53  1438978   302400   0.000
    54  1466650   302400   0.000
    55  1494322   302400   0.000
    56  1521994   302400   0.000
    57  1549666   302400   0.000
    58  1577338   302400   0.000
    59  1605010   302400   0.000
    60  1632682   302400   0.000
    61  1660354   302400   0.000
    62  1688026   302400   0.000
