     28000  0.22E-05  0.14E-04  0.18E-04
     29000  0.30E-05  0.16E-05  0.26E-05
     30000  0.42E-05  0.24E-06  0.41E-06
     31000  0.54E-05  0.89E-07  0.19E-06
     32000  0.65E-05  0.63E-07  0.95E-07
     33000  0.75E-05  0.33E-07  0.63E-07
     34000  0.84E-05  0.21E-07  0.35E-07
     35000  0.92E-05  0.13E-07  0.27E-07
     36000  0.98E-05  0.11E-07  0.19E-07
     37000  0.10E-04  0.81E-08  0.14E-07
     38000  0.11E-04  0.74E-08  0.13E-07
     39000  0.11E-04  0.58E-08  0.13E-07
     40000  0.11E-04  0.45E-08  0.13E-07
     41000  0.12E-04  0.40E-08  0.14E-07
     42000  0.12E-04  0.32E-08  0.14E-07
     43000  0.12E-04  0.29E-08  0.14E-07
     44000  0.12E-04  0.24E-08  0.14E-07
     45000  0.12E-04  0.20E-08  0.14E-07
     46000  0.12E-04  0.18E-08  0.14E-07
     47000  0.12E-04  0.15E-08  0.13E-07
     48000  0.12E-04  0.13E-08  0.13E-07
     49000  0.12E-04  0.10E-08  0.13E-07
     50000  0.12E-04  0.81E-09  0.13E-07
     51000  0.12E-04  0.69E-09  0.13E-07
     52000  0.12E-04  0.60E-09  0.13E-07
     53000  0.12E-04  0.68E-09  0.13E-07
     54000  0.12E-04  0.82E-09  0.12E-07
     55000  0.12E-04  0.90E-09  0.12E-07
     56000  0.12E-04  0.10E-08  0.13E-07
     57000  0.12E-04  0.11E-08  0.14E-07
     58000  0.12E-04  0.12E-08  0.14E-07
     59000  0.12E-04  0.11E-08  0.14E-07
     60000  0.12E-04  0.32E-08  0.15E-07
     61000  0.12E-04  0.32E-08  0.14E-07
     62000  0.12E-04  0.25E-08  0.14E-07
     63000  0.12E-04  0.27E-08  0.14E-07
     64000  0.12E-04  0.25E-08  0.15E-07
     65000  0.12E-04  0.15E-08  0.15E-07
     66000  0.12E-04  0.13E-08  0.15E-07
     67000  0.12E-04  0.84E-09  0.15E-07
     68000  0.12E-04  0.69E-09  0.15E-07
     69000  0.12E-04  0.62E-09  0.15E-07
     70000  0.12E-04  0.49E-09  0.15E-07
     71000  0.12E-04  0.43E-09  0.15E-07
     72000  0.12E-04  0.35E-09  0.15E-07
     73000  0.12E-04  0.35E-09  0.15E-07
     74000  0.12E-04  0.25E-09  0.15E-07
     75000  0.12E-04  0.27E-09  0.15E-07
     76000  0.12E-04  0.29E-09  0.15E-07
     77000  0.12E-04  0.25E-09  0.15E-07
     78000  0.12E-04  0.30E-09  0.15E-07
     79000  0.12E-04  0.29E-09  0.15E-07
     80000  0.12E-04  0.21E-09  0.15E-07
     81000  0.12E-04  0.17E-09  0.15E-07
     82000  0.12E-04  0.17E-09  0.15E-07
     83000  0.12E-04  0.19E-09  0.15E-07
     84000  0.12E-04  0.19E-09  0.14E-07
     85000  0.12E-04  0.23E-09  0.15E-07
     86000  0.12E-04  0.77E-09  0.15E-07
     87000  0.12E-04  0.65E-09  0.15E-07
     88000  0.12E-04  0.49E-09  0.15E-07
     89000  0.12E-04  0.84E-09  0.14E-07
     90000  0.12E-04  0.77E-09  0.15E-07
     91000  0.12E-04  0.39E-09  0.15E-07
     92000  0.12E-04  0.37E-09  0.15E-07
     93000  0.12E-04  0.30E-09  0.15E-07
     94000  0.12E-04  0.27E-09  0.15E-07
     95000  0.12E-04  0.23E-09  0.15E-07
     96000  0.12E-04  0.23E-09  0.15E-07
     97000  0.12E-04  0.20E-09  0.15E-07
     98000  0.12E-04  0.19E-09  0.15E-07
     99000  0.12E-04  0.19E-09  0.15E-07
    100000  0.12E-04  0.21E-09  0.15E-07
    101000  0.12E-04  0.19E-09  0.15E-07
    102000  0.12E-04  0.16E-09  0.15E-07
    103000  0.12E-04  0.14E-09  0.15E-07
    104000  0.12E-04  0.13E-09  0.15E-07
    105000  0.12E-04  0.12E-09  0.15E-07
    106000  0.12E-04  0.13E-09  0.15E-07
    107000  0.12E-04  0.90E-10  0.15E-07
    108000  0.12E-04  0.81E-10  0.15E-07
    109000  0.12E-04  0.72E-10  0.15E-07
    110000  0.12E-04  0.67E-10  0.15E-07
    111000  0.12E-04  0.66E-10  0.15E-07
    112000  0.12E-04  0.69E-10  0.15E-07
    113000  0.12E-04  0.72E-10  0.15E-07
    114000  0.12E-04  0.83E-10  0.15E-07
    115000  0.12E-04  0.85E-10  0.15E-07
    116000  0.12E-04  0.75E-10  0.15E-07
    117000  0.12E-04  0.61E-10  0.15E-07
    118000  0.12E-04  0.57E-10  0.15E-07
    119000  0.12E-04  0.56E-10  0.15E-07
    120000  0.12E-04  0.52E-10  0.15E-07
    121000  0.12E-04  0.54E-10  0.15E-07
    122000  0.12E-04  0.56E-10  0.15E-07
    123000  0.12E-04  0.47E-09  0.15E-07
    124000  0.12E-04  0.45E-09  0.15E-07
    125000  0.12E-04  0.41E-09  0.15E-07
    126000  0.12E-04  0.32E-09  0.15E-07
    127000  0.12E-04  0.25E-09  0.15E-07
    128000  0.12E-04  0.23E-09  0.15E-07
    129000  0.12E-04  0.18E-09  0.15E-07
    130000  0.12E-04  0.15E-09  0.15E-07
    131000  0.12E-04  0.13E-09  0.15E-07
    132000  0.12E-04  0.11E-09  0.15E-07
    133000  0.12E-04  0.85E-10  0.15E-07
    134000  0.12E-04  0.77E-10  0.15E-07
    135000  0.12E-04  0.61E-10  0.15E-07
    136000  0.12E-04  0.61E-10  0.15E-07
    137000  0.12E-04  0.63E-10  0.15E-07
    138000  0.12E-04  0.76E-10  0.15E-07
    139000  0.12E-04  0.52E-10  0.15E-07
    140000  0.12E-04  0.51E-10  0.15E-07
    141000  0.12E-04  0.42E-10  0.15E-07
    142000  0.12E-04  0.43E-10  0.15E-07
    143000  0.12E-04  0.39E-10  0.15E-07
    144000  0.12E-04  0.37E-10  0.15E-07
    145000  0.12E-04  0.40E-10  0.15E-07
    146000  0.12E-04  0.41E-10  0.15E-07
    147000  0.12E-04  0.42E-10  0.15E-07
    148000  0.12E-04  0.44E-10  0.15E-07
    149000  0.12E-04  0.42E-10  0.15E-07
    150000  0.12E-04  0.43E-10  0.15E-07
    151000  0.12E-04  0.43E-10  0.15E-07
    152000  0.12E-04  0.46E-10  0.15E-07
    153000  0.12E-04  0.48E-10  0.15E-07
    154000  0.12E-04  0.43E-10  0.15E-07
    155000  0.12E-04  0.47E-10  0.15E-07
    156000  0.12E-04  0.56E-10  0.15E-07
    157000  0.12E-04  0.45E-10  0.15E-07
    158000  0.12E-04  0.50E-10  0.15E-07
    159000  0.12E-04  0.46E-10  0.15E-07
    160000  0.12E-04  0.48E-10  0.15E-07
    161000  0.12E-04  0.42E-10  0.15E-07
    162000  0.12E-04  0.45E-10  0.15E-07
    163000  0.12E-04  0.47E-10  0.15E-07
    164000  0.12E-04  0.47E-10  0.15E-07
    165000  0.12E-04  0.43E-10  0.15E-07
    166000  0.12E-04  0.48E-10  0.15E-07
    167000  0.12E-04  0.47E-10  0.15E-07
    168000  0.12E-04  0.50E-10  0.15E-07
    169000  0.12E-04  0.48E-10  0.15E-07
    170000  0.12E-04  0.50E-10  0.15E-07
    171000  0.12E-04  0.46E-10  0.15E-07
    172000  0.12E-04  0.53E-10  0.15E-07
    173000  0.12E-04  0.46E-10  0.15E-07
    174000  0.12E-04  0.44E-10  0.15E-07
    175000  0.12E-04  0.47E-10  0.15E-07
    176000  0.12E-04  0.48E-10  0.15E-07
    177000  0.12E-04  0.47E-10  0.15E-07
    178000  0.12E-04  0.47E-10  0.14E-07
    179000  0.12E-04  0.42E-10  0.14E-07
    180000  0.12E-04  0.44E-10  0.14E-07
    181000  0.12E-04  0.41E-10  0.14E-07
    182000  0.12E-04  0.43E-10  0.14E-07
    183000  0.12E-04  0.38E-10  0.14E-07
    184000  0.12E-04  0.59E-10  0.14E-07
    185000  0.12E-04  0.82E-10  0.14E-07
    186000  0.12E-04  0.93E-10  0.14E-07
    187000  0.12E-04  0.98E-10  0.14E-07
    188000  0.12E-04  0.94E-10  0.14E-07
    189000  0.12E-04  0.94E-10  0.14E-07
    190000  0.12E-04  0.88E-10  0.14E-07
    191000  0.12E-04  0.83E-10  0.14E-07
    192000  0.12E-04  0.71E-10  0.14E-07
    193000  0.12E-04  0.63E-10  0.14E-07
    194000  0.12E-04  0.58E-10  0.14E-07
    195000  0.12E-04  0.53E-10  0.14E-07
    196000  0.12E-04  0.46E-10  0.14E-07
    197000  0.12E-04  0.47E-10  0.14E-07
    198000  0.12E-04  0.46E-10  0.14E-07
    199000  0.12E-04  0.46E-10  0.14E-07
    200000  0.12E-04  0.45E-10  0.14E-07
    201000  0.12E-04  0.45E-10  0.14E-07
    202000  0.12E-04  0.45E-10  0.14E-07
    203000  0.12E-04  0.45E-10  0.14E-07
    204000  0.12E-04  0.45E-10  0.14E-07
    205000  0.12E-04  0.45E-10  0.14E-07
    206000  0.12E-04  0.45E-10  0.14E-07
    207000  0.12E-04  0.45E-10  0.14E-07
    208000  0.12E-04  0.45E-10  0.14E-07
    209000  0.12E-04  0.46E-10  0.14E-07
    210000  0.12E-04  0.46E-10  0.14E-07
    211000  0.12E-04  0.47E-10  0.14E-07
    212000  0.12E-04  0.47E-10  0.14E-07
    213000  0.12E-04  0.47E-10  0.14E-07
    214000  0.12E-04  0.47E-10  0.14E-07
    215000  0.12E-04  0.47E-10  0.14E-07
    216000  0.12E-04  0.48E-10  0.14E-07
    217000  0.12E-04  0.48E-10  0.14E-07
    218000  0.12E-04  0.48E-10  0.14E-07
    219000  0.12E-04  0.48E-10  0.14E-07
    220000  0.12E-04  0.48E-10  0.14E-07
    221000  0.12E-04  0.49E-10  0.14E-07
    222000  0.12E-04  0.48E-10  0.14E-07
    223000  0.12E-04  0.49E-10  0.14E-07
    224000  0.12E-04  0.49E-10  0.14E-07
    225000  0.12E-04  0.49E-10  0.14E-07
    226000  0.12E-04  0.49E-10  0.14E-07
    227000  0.12E-04  0.49E-10  0.14E-07
    228000  0.12E-04  0.49E-10  0.14E-07
    229000  0.12E-04  0.49E-10  0.14E-07
    230000  0.12E-04  0.49E-10  0.14E-07
    231000  0.12E-04  0.49E-10  0.14E-07
    232000  0.12E-04  0.50E-10  0.14E-07
    233000  0.12E-04  0.49E-10  0.14E-07
    234000  0.12E-04  0.49E-10  0.14E-07
    235000  0.12E-04  0.49E-10  0.14E-07
    236000  0.12E-04  0.49E-10  0.14E-07
    237000  0.12E-04  0.49E-10  0.14E-07
    238000  0.12E-04  0.49E-10  0.14E-07
    239000  0.12E-04  0.49E-10  0.14E-07
    240000  0.12E-04  0.52E-10  0.14E-07
    241000  0.12E-04  0.50E-10  0.14E-07
    242000  0.12E-04  0.49E-10  0.14E-07
    243000  0.12E-04  0.49E-10  0.14E-07
    244000  0.12E-04  0.49E-10  0.14E-07
    245000  0.12E-04  0.49E-10  0.14E-07
    246000  0.12E-04  0.50E-10  0.14E-07
    247000  0.12E-04  0.50E-10  0.14E-07
    248000  0.12E-04  0.51E-10  0.14E-07
    249000  0.12E-04  0.52E-10  0.14E-07
    250000  0.12E-04  0.53E-10  0.14E-07
    251000  0.12E-04  0.53E-10  0.14E-07
    252000  0.12E-04  0.54E-10  0.14E-07
    253000  0.12E-04  0.56E-10  0.14E-07
    254000  0.12E-04  0.57E-10  0.14E-07
    255000  0.12E-04  0.57E-10  0.14E-07
    256000  0.12E-04  0.58E-10  0.14E-07
    257000  0.12E-04  0.57E-10  0.14E-07
    258000  0.12E-04  0.57E-10  0.14E-07
    259000  0.12E-04  0.57E-10  0.14E-07
    260000  0.12E-04  0.57E-10  0.14E-07
    261000  0.12E-04  0.56E-10  0.14E-07
    262000  0.12E-04  0.56E-10  0.14E-07
    263000  0.12E-04  0.56E-10  0.14E-07
    264000  0.12E-04  0.56E-10  0.14E-07
    265000  0.12E-04  0.56E-10  0.14E-07
    266000  0.12E-04  0.56E-10  0.14E-07
    267000  0.12E-04  0.56E-10  0.14E-07
    268000  0.12E-04  0.56E-10  0.14E-07
    269000  0.12E-04  0.56E-10  0.14E-07
    270000  0.12E-04  0.56E-10  0.14E-07
    271000  0.12E-04  0.56E-10  0.14E-07
    272000  0.12E-04  0.56E-10  0.14E-07
    273000  0.12E-04  0.57E-10  0.14E-07
    274000  0.12E-04  0.57E-10  0.14E-07
    275000  0.12E-04  0.57E-10  0.14E-07
    276000  0.12E-04  0.57E-10  0.14E-07
    277000  0.12E-04  0.57E-10  0.14E-07
    278000  0.12E-04  0.58E-10  0.14E-07
    279000  0.12E-04  0.58E-10  0.14E-07
    280000  0.12E-04  0.58E-10  0.14E-07
    281000  0.12E-04  0.58E-10  0.14E-07
    282000  0.12E-04  0.59E-10  0.14E-07
    283000  0.12E-04  0.59E-10  0.14E-07
    284000  0.12E-04  0.59E-10  0.14E-07
    285000  0.12E-04  0.59E-10  0.14E-07
    286000  0.12E-04  0.60E-10  0.14E-07
    287000  0.12E-04  0.59E-10  0.14E-07
    288000  0.12E-04  0.60E-10  0.14E-07
    289000  0.12E-04  0.60E-10  0.14E-07
    290000  0.12E-04  0.60E-10  0.14E-07
    291000  0.12E-04  0.60E-10  0.14E-07
    292000  0.12E-04  0.60E-10  0.14E-07
    293000  0.12E-04  0.61E-10  0.14E-07
    294000  0.12E-04  0.60E-10  0.14E-07
    295000  0.12E-04  0.61E-10  0.14E-07
    296000  0.12E-04  0.60E-10  0.14E-07
    297000  0.12E-04  0.61E-10  0.14E-07
    298000  0.12E-04  0.61E-10  0.14E-07
    299000  0.12E-04  0.61E-10  0.14E-07
    300000  0.12E-04  0.61E-10  0.14E-07
    301000  0.12E-04  0.61E-10  0.14E-07
    302000  0.12E-04  0.61E-10  0.14E-07
    303000  0.12E-04  0.61E-10  0.14E-07
    304000  0.12E-04  0.61E-10  0.14E-07
    305000  0.12E-04  0.61E-10  0.14E-07
    306000  0.12E-04  0.61E-10  0.14E-07
    307000  0.12E-04  0.62E-10  0.14E-07
    308000  0.12E-04  0.62E-10  0.14E-07
    309000  0.12E-04  0.62E-10  0.14E-07
    310000  0.12E-04  0.62E-10  0.14E-07
    311000  0.12E-04  0.63E-10  0.14E-07
    312000  0.12E-04  0.63E-10  0.14E-07
    313000  0.12E-04  0.63E-10  0.14E-07
    314000  0.12E-04  0.63E-10  0.14E-07
    315000  0.12E-04  0.64E-10  0.14E-07
    316000  0.12E-04  0.65E-10  0.14E-07
    317000  0.12E-04  0.65E-10  0.14E-07
    318000  0.12E-04  0.65E-10  0.14E-07
    319000  0.12E-04  0.66E-10  0.14E-07
    320000  0.12E-04  0.66E-10  0.14E-07
    321000  0.12E-04  0.67E-10  0.14E-07
    322000  0.12E-04  0.67E-10  0.14E-07
    323000  0.12E-04  0.67E-10  0.14E-07
    324000  0.12E-04  0.67E-10  0.14E-07
    325000  0.12E-04  0.68E-10  0.14E-07
    326000  0.12E-04  0.67E-10  0.14E-07
    327000  0.12E-04  0.68E-10  0.14E-07
    328000  0.12E-04  0.68E-10  0.14E-07
    329000  0.12E-04  0.67E-10  0.14E-07
    330000  0.12E-04  0.67E-10  0.14E-07
    331000  0.12E-04  0.67E-10  0.14E-07
    332000  0.12E-04  0.68E-10  0.14E-07
    333000  0.12E-04  0.68E-10  0.14E-07
    334000  0.12E-04  0.68E-10  0.14E-07
    335000  0.12E-04  0.68E-10  0.14E-07
    336000  0.12E-04  0.68E-10  0.14E-07
    337000  0.12E-04  0.68E-10  0.14E-07
    338000  0.12E-04  0.69E-10  0.14E-07
    339000  0.12E-04  0.69E-10  0.14E-07
    340000  0.12E-04  0.69E-10  0.14E-07
    341000  0.12E-04  0.69E-10  0.14E-07
    342000  0.12E-04  0.69E-10  0.14E-07
    343000  0.12E-04  0.70E-10  0.14E-07
    344000  0.12E-04  0.70E-10  0.14E-07
    345000  0.12E-04  0.70E-10  0.14E-07
    346000  0.12E-04  0.70E-10  0.14E-07
    347000  0.12E-04  0.70E-10  0.14E-07
    348000  0.12E-04  0.70E-10  0.14E-07
    349000  0.12E-04  0.71E-10  0.14E-07
    350000  0.12E-04  0.71E-10  0.14E-07
    351000  0.12E-04  0.71E-10  0.14E-07
    352000  0.12E-04  0.71E-10  0.14E-07
    353000  0.12E-04  0.71E-10  0.14E-07
    354000  0.12E-04  0.71E-10  0.14E-07
    355000  0.12E-04  0.72E-10  0.14E-07
    356000  0.12E-04  0.71E-10  0.14E-07
    357000  0.12E-04  0.72E-10  0.14E-07
    358000  0.12E-04  0.72E-10  0.14E-07
    359000  0.12E-04  0.72E-10  0.14E-07
    360000  0.12E-04  0.72E-10  0.14E-07
    361000  0.12E-04  0.72E-10  0.14E-07
    362000  0.12E-04  0.72E-10  0.14E-07
    363000  0.12E-04  0.72E-10  0.14E-07
    364000  0.12E-04  0.73E-10  0.14E-07
    365000  0.12E-04  0.73E-10  0.14E-07
    366000  0.12E-04  0.73E-10  0.14E-07
    367000  0.12E-04  0.73E-10  0.14E-07
    368000  0.12E-04  0.73E-10  0.14E-07
    369000  0.12E-04  0.74E-10  0.14E-07
    370000  0.12E-04  0.74E-10  0.14E-07
    371000  0.12E-04  0.74E-10  0.14E-07
    372000  0.12E-04  0.74E-10  0.14E-07
    373000  0.12E-04  0.74E-10  0.14E-07
    374000  0.12E-04  0.75E-10  0.14E-07
    375000  0.12E-04  0.75E-10  0.14E-07
    376000  0.12E-04  0.76E-10  0.14E-07
    377000  0.12E-04  0.75E-10  0.14E-07
    378000  0.12E-04  0.75E-10  0.14E-07
    379000  0.12E-04  0.76E-10  0.14E-07
    380000  0.12E-04  0.76E-10  0.14E-07
    381000  0.12E-04  0.76E-10  0.14E-07
    382000  0.12E-04  0.77E-10  0.14E-07
    383000  0.12E-04  0.77E-10  0.14E-07
    384000  0.12E-04  0.77E-10  0.14E-07
    385000  0.12E-04  0.78E-10  0.14E-07
    386000  0.12E-04  0.78E-10  0.14E-07
    387000  0.12E-04  0.78E-10  0.14E-07
    388000  0.12E-04  0.79E-10  0.14E-07
    389000  0.12E-04  0.78E-10  0.14E-07
    390000  0.12E-04  0.79E-10  0.14E-07
    391000  0.12E-04  0.79E-10  0.14E-07
    392000  0.12E-04  0.79E-10  0.14E-07
    393000  0.12E-04  0.79E-10  0.14E-07
    394000  0.12E-04  0.79E-10  0.14E-07
    395000  0.12E-04  0.79E-10  0.14E-07
    396000  0.12E-04  0.80E-10  0.14E-07
    397000  0.12E-04  0.79E-10  0.14E-07
    398000  0.13E-04  0.80E-10  0.14E-07
    399000  0.13E-04  0.80E-10  0.14E-07
    400000  0.13E-04  0.80E-10  0.14E-07
    401000  0.13E-04  0.80E-10  0.14E-07
    402000  0.13E-04  0.80E-10  0.14E-07
    403000  0.13E-04  0.80E-10  0.14E-07
    404000  0.13E-04  0.81E-10  0.14E-07
    405000  0.13E-04  0.81E-10  0.14E-07
    406000  0.13E-04  0.81E-10  0.14E-07
    407000  0.13E-04  0.81E-10  0.14E-07
    408000  0.13E-04  0.81E-10  0.14E-07
    409000  0.13E-04  0.81E-10  0.14E-07
    410000  0.13E-04  0.82E-10  0.14E-07
    411000  0.13E-04  0.82E-10  0.14E-07
    412000  0.13E-04  0.82E-10  0.14E-07
    413000  0.13E-04  0.82E-10  0.14E-07
    414000  0.13E-04  0.83E-10  0.14E-07
    415000  0.13E-04  0.82E-10  0.14E-07
    416000  0.13E-04  0.83E-10  0.14E-07
    417000  0.13E-04  0.83E-10  0.14E-07
    418000  0.13E-04  0.83E-10  0.14E-07
    419000  0.13E-04  0.83E-10  0.14E-07
    420000  0.13E-04  0.83E-10  0.14E-07
    421000  0.13E-04  0.83E-10  0.14E-07
    422000  0.13E-04  0.84E-10  0.14E-07
    423000  0.13E-04  0.84E-10  0.14E-07
    424000  0.13E-04  0.84E-10  0.14E-07
    425000  0.13E-04  0.84E-10  0.14E-07
    426000  0.13E-04  0.84E-10  0.14E-07
    427000  0.13E-04  0.85E-10  0.14E-07
    428000  0.13E-04  0.85E-10  0.14E-07
    429000  0.13E-04  0.85E-10  0.14E-07
    430000  0.13E-04  0.85E-10  0.14E-07
    431000  0.13E-04  0.85E-10  0.14E-07
    432000  0.13E-04  0.86E-10  0.14E-07
    433000  0.13E-04  0.86E-10  0.14E-07
    434000  0.13E-04  0.86E-10  0.14E-07
    435000  0.13E-04  0.86E-10  0.14E-07
    436000  0.13E-04  0.87E-10  0.14E-07
    437000  0.13E-04  0.86E-10  0.14E-07
    438000  0.13E-04  0.87E-10  0.14E-07
    439000  0.13E-04  0.87E-10  0.14E-07
    440000  0.13E-04  0.87E-10  0.14E-07
    441000  0.13E-04  0.87E-10  0.14E-07
    442000  0.13E-04  0.87E-10  0.14E-07
    443000  0.13E-04  0.87E-10  0.14E-07
    444000  0.13E-04  0.88E-10  0.14E-07
    445000  0.13E-04  0.88E-10  0.14E-07
    446000  0.13E-04  0.88E-10  0.14E-07
    447000  0.13E-04  0.89E-10  0.14E-07
    448000  0.13E-04  0.90E-10  0.14E-07
    449000  0.13E-04  0.89E-10  0.14E-07
    450000  0.13E-04  0.90E-10  0.14E-07
    451000  0.13E-04  0.90E-10  0.14E-07
    452000  0.13E-04  0.90E-10  0.14E-07
    453000  0.13E-04  0.90E-10  0.14E-07
    454000  0.13E-04  0.91E-10  0.14E-07
    455000  0.13E-04  0.90E-10  0.14E-07
    456000  0.13E-04  0.91E-10  0.14E-07
    457000  0.13E-04  0.91E-10  0.14E-07
    458000  0.13E-04  0.91E-10  0.14E-07
    459000  0.13E-04  0.91E-10  0.14E-07
    460000  0.13E-04  0.91E-10  0.14E-07
    461000  0.13E-04  0.91E-10  0.14E-07
    462000  0.13E-04  0.92E-10  0.14E-07
    463000  0.13E-04  0.92E-10  0.14E-07
    464000  0.13E-04  0.92E-10  0.14E-07
    465000  0.13E-04  0.92E-10  0.14E-07
    466000  0.13E-04  0.92E-10  0.14E-07
    467000  0.13E-04  0.93E-10  0.14E-07
    468000  0.13E-04  0.93E-10  0.14E-07
    469000  0.13E-04  0.93E-10  0.14E-07
    470000  0.13E-04  0.93E-10  0.14E-07
    471000  0.13E-04  0.93E-10  0.14E-07
    472000  0.13E-04  0.93E-10  0.14E-07
    473000  0.13E-04  0.93E-10  0.14E-07
    474000  0.13E-04  0.94E-10  0.14E-07
    475000  0.13E-04  0.94E-10  0.14E-07
    476000  0.13E-04  0.94E-10  0.14E-07
    477000  0.13E-04  0.94E-10  0.14E-07
    478000  0.13E-04  0.94E-10  0.14E-07
    479000  0.13E-04  0.95E-10  0.14E-07
    480000  0.13E-04  0.94E-10  0.14E-07
    481000  0.13E-04  0.95E-10  0.14E-07
    482000  0.13E-04  0.95E-10  0.14E-07
    483000  0.13E-04  0.95E-10  0.14E-07
    484000  0.13E-04  0.95E-10  0.14E-07
    485000  0.13E-04  0.95E-10  0.14E-07
    486000  0.13E-04  0.95E-10  0.14E-07
    487000  0.13E-04  0.96E-10  0.14E-07
    488000  0.13E-04  0.96E-10  0.14E-07
    489000  0.13E-04  0.96E-10  0.14E-07
    490000  0.13E-04  0.96E-10  0.14E-07
    491000  0.13E-04  0.96E-10  0.14E-07
    492000  0.13E-04  0.96E-10  0.14E-07
    493000  0.13E-04  0.97E-10  0.14E-07
    494000  0.13E-04  0.97E-10  0.14E-07
    495000  0.13E-04  0.97E-10  0.14E-07
    496000  0.13E-04  0.97E-10  0.14E-07
    497000  0.13E-04  0.98E-10  0.14E-07
    498000  0.13E-04  0.98E-10  0.14E-07
    499000  0.13E-04  0.98E-10  0.14E-07
    500000  0.13E-04  0.98E-10  0.14E-07
    501000  0.13E-04  0.98E-10  0.14E-07
    502000  0.13E-04  0.98E-10  0.14E-07
    503000  0.13E-04  0.99E-10  0.14E-07
    504000  0.13E-04  0.99E-10  0.14E-07
    505000  0.13E-04  0.99E-10  0.14E-07
    506000  0.13E-04  0.99E-10  0.14E-07
    507000  0.13E-04  0.99E-10  0.14E-07
    508000  0.13E-04  0.99E-10  0.14E-07
    509000  0.13E-04  0.10E-09  0.14E-07
    510000  0.13E-04  0.10E-09  0.14E-07
    511000  0.13E-04  0.10E-09  0.14E-07
    512000  0.13E-04  0.10E-09  0.14E-07
    513000  0.13E-04  0.10E-09  0.14E-07
    514000  0.13E-04  0.10E-09  0.14E-07
    515000  0.13E-04  0.10E-09  0.14E-07
    516000  0.13E-04  0.10E-09  0.14E-07
    517000  0.13E-04  0.10E-09  0.14E-07
    518000  0.13E-04  0.10E-09  0.14E-07
    519000  0.13E-04  0.10E-09  0.14E-07
    520000  0.13E-04  0.10E-09  0.14E-07
    521000  0.13E-04  0.10E-09  0.14E-07
    522000  0.13E-04  0.10E-09  0.14E-07
    523000  0.13E-04  0.10E-09  0.14E-07
    524000  0.13E-04  0.10E-09  0.14E-07
    525000  0.13E-04  0.10E-09  0.14E-07
    526000  0.13E-04  0.10E-09  0.14E-07
    527000  0.13E-04  0.10E-09  0.14E-07
    528000  0.13E-04  0.10E-09  0.14E-07
    529000  0.13E-04  0.10E-09  0.14E-07
    530000  0.13E-04  0.10E-09  0.14E-07
    531000  0.13E-04  0.10E-09  0.14E-07
    532000  0.13E-04  0.10E-09  0.14E-07
    533000  0.13E-04  0.10E-09  0.14E-07
    534000  0.13E-04  0.10E-09  0.14E-07
    535000  0.13E-04  0.10E-09  0.14E-07
    536000  0.13E-04  0.10E-09  0.14E-07
    537000  0.13E-04  0.11E-09  0.14E-07
    538000  0.13E-04  0.11E-09  0.14E-07
    539000  0.13E-04  0.11E-09  0.14E-07
    540000  0.13E-04  0.11E-09  0.14E-07
    541000  0.13E-04  0.11E-09  0.14E-07
    542000  0.13E-04  0.11E-09  0.14E-07
    543000  0.13E-04  0.11E-09  0.14E-07
    544000  0.13E-04  0.11E-09  0.14E-07
    545000  0.13E-04  0.11E-09  0.14E-07
    546000  0.13E-04  0.11E-09  0.14E-07
    547000  0.13E-04  0.11E-09  0.14E-07
    548000  0.13E-04  0.11E-09  0.14E-07
    549000  0.13E-04  0.11E-09  0.14E-07
    550000  0.13E-04  0.11E-09  0.14E-07
    551000  0.13E-04  0.11E-09  0.14E-07
    552000  0.13E-04  0.11E-09  0.14E-07
    553000  0.13E-04  0.11E-09  0.14E-07
    554000  0.13E-04  0.11E-09  0.14E-07
    555000  0.13E-04  0.11E-09  0.14E-07
    556000  0.13E-04  0.11E-09  0.14E-07
    557000  0.13E-04  0.11E-09  0.14E-07
    558000  0.13E-04  0.11E-09  0.14E-07
    559000  0.13E-04  0.11E-09  0.14E-07
    560000  0.13E-04  0.11E-09  0.14E-07
    561000  0.13E-04  0.11E-09  0.14E-07
    562000  0.13E-04  0.11E-09  0.14E-07
    563000  0.13E-04  0.11E-09  0.14E-07
    564000  0.13E-04  0.11E-09  0.14E-07
    565000  0.13E-04  0.11E-09  0.14E-07
    566000  0.13E-04  0.11E-09  0.14E-07
    567000  0.13E-04  0.11E-09  0.14E-07
    568000  0.13E-04  0.11E-09  0.14E-07
    569000  0.13E-04  0.11E-09  0.14E-07
    570000  0.13E-04  0.11E-09  0.14E-07
    571000  0.13E-04  0.11E-09  0.14E-07
    572000  0.13E-04  0.11E-09  0.14E-07
    573000  0.13E-04  0.11E-09  0.14E-07
    574000  0.13E-04  0.11E-09  0.14E-07
    575000  0.13E-04  0.11E-09  0.14E-07
    576000  0.13E-04  0.11E-09  0.14E-07
    577000  0.13E-04  0.11E-09  0.14E-07
    578000  0.13E-04  0.11E-09  0.14E-07
    579000  0.13E-04  0.11E-09  0.14E-07
    580000  0.13E-04  0.11E-09  0.14E-07
    581000  0.13E-04  0.11E-09  0.14E-07
    582000  0.13E-04  0.11E-09  0.14E-07
    583000  0.13E-04  0.11E-09  0.14E-07
    584000  0.13E-04  0.11E-09  0.14E-07
    585000  0.13E-04  0.11E-09  0.14E-07
    586000  0.13E-04  0.11E-09  0.14E-07
    587000  0.13E-04  0.11E-09  0.14E-07
    588000  0.13E-04  0.11E-09  0.14E-07
    589000  0.13E-04  0.12E-09  0.14E-07
    590000  0.13E-04  0.12E-09  0.14E-07
    591000  0.13E-04  0.12E-09  0.14E-07
    592000  0.13E-04  0.12E-09  0.14E-07
    593000  0.13E-04  0.12E-09  0.14E-07
    594000  0.13E-04  0.12E-09  0.14E-07
    595000  0.13E-04  0.12E-09  0.14E-07
    596000  0.13E-04  0.12E-09  0.14E-07
    597000  0.13E-04  0.12E-09  0.14E-07
    598000  0.13E-04  0.12E-09  0.14E-07
    599000  0.13E-04  0.12E-09  0.14E-07
    600000  0.13E-04  0.12E-09  0.14E-07
    601000  0.13E-04  0.12E-09  0.14E-07
    602000  0.13E-04  0.12E-09  0.14E-07
    603000  0.13E-04  0.12E-09  0.14E-07
    604000  0.13E-04  0.12E-09  0.14E-07
    605000  0.13E-04  0.12E-09  0.14E-07
    606000  0.13E-04  0.12E-09  0.14E-07
    607000  0.13E-04  0.12E-09  0.14E-07
    608000  0.13E-04  0.12E-09  0.14E-07
    609000  0.13E-04  0.12E-09  0.14E-07
    610000  0.13E-04  0.12E-09  0.14E-07
    611000  0.13E-04  0.12E-09  0.14E-07
    612000  0.13E-04  0.12E-09  0.14E-07
    613000  0.13E-04  0.12E-09  0.14E-07
    614000  0.13E-04  0.12E-09  0.14E-07
    615000  0.13E-04  0.12E-09  0.14E-07
    616000  0.13E-04  0.12E-09  0.14E-07
    617000  0.13E-04  0.12E-09  0.14E-07
    618000  0.13E-04  0.12E-09  0.14E-07
    619000  0.13E-04  0.12E-09  0.14E-07
    620000  0.13E-04  0.12E-09  0.14E-07
    621000  0.13E-04  0.12E-09  0.14E-07
    622000  0.13E-04  0.12E-09  0.14E-07
    623000  0.13E-04  0.12E-09  0.14E-07
    624000  0.13E-04  0.12E-09  0.14E-07
    625000  0.13E-04  0.12E-09  0.14E-07
    626000  0.13E-04  0.12E-09  0.14E-07
    627000  0.13E-04  0.12E-09  0.14E-07
    628000  0.13E-04  0.12E-09  0.14E-07
    629000  0.13E-04  0.12E-09  0.14E-07
    630000  0.13E-04  0.12E-09  0.14E-07
    631000  0.13E-04  0.12E-09  0.14E-07
    632000  0.13E-04  0.12E-09  0.14E-07
    633000  0.13E-04  0.12E-09  0.14E-07
    634000  0.13E-04  0.12E-09  0.14E-07
    635000  0.13E-04  0.12E-09  0.14E-07
    636000  0.13E-04  0.12E-09  0.14E-07
    637000  0.13E-04  0.12E-09  0.14E-07
    638000  0.13E-04  0.12E-09  0.14E-07
    639000  0.13E-04  0.12E-09  0.14E-07
    640000  0.13E-04  0.12E-09  0.14E-07
    641000  0.13E-04  0.12E-09  0.14E-07
    642000  0.13E-04  0.12E-09  0.14E-07
    643000  0.13E-04  0.12E-09  0.14E-07
    644000  0.13E-04  0.13E-09  0.14E-07
    645000  0.13E-04  0.13E-09  0.14E-07
    646000  0.13E-04  0.13E-09  0.14E-07
    647000  0.13E-04  0.13E-09  0.14E-07
    648000  0.13E-04  0.13E-09  0.14E-07
    649000  0.13E-04  0.13E-09  0.14E-07
    650000  0.13E-04  0.13E-09  0.14E-07
    651000  0.13E-04  0.13E-09  0.14E-07
    652000  0.13E-04  0.13E-09  0.14E-07
    653000  0.13E-04  0.13E-09  0.14E-07
    654000  0.13E-04  0.13E-09  0.14E-07
    655000  0.13E-04  0.13E-09  0.14E-07
    656000  0.13E-04  0.13E-09  0.14E-07
    657000  0.13E-04  0.13E-09  0.14E-07
    658000  0.13E-04  0.13E-09  0.14E-07
    659000  0.13E-04  0.13E-09  0.14E-07
    660000  0.13E-04  0.13E-09  0.14E-07
    661000  0.13E-04  0.13E-09  0.14E-07
    662000  0.13E-04  0.13E-09  0.14E-07
    663000  0.13E-04  0.13E-09  0.14E-07
    664000  0.13E-04  0.13E-09  0.14E-07
    665000  0.13E-04  0.13E-09  0.14E-07
    666000  0.13E-04  0.13E-09  0.14E-07
    667000  0.13E-04  0.13E-09  0.14E-07
    668000  0.13E-04  0.13E-09  0.14E-07
    669000  0.13E-04  0.13E-09  0.14E-07
    670000  0.13E-04  0.13E-09  0.14E-07
    671000  0.13E-04  0.13E-09  0.14E-07
    672000  0.13E-04  0.13E-09  0.14E-07
    673000  0.13E-04  0.13E-09  0.14E-07
    674000  0.13E-04  0.13E-09  0.14E-07
    675000  0.13E-04  0.13E-09  0.14E-07
    676000  0.13E-04  0.13E-09  0.14E-07
    677000  0.13E-04  0.13E-09  0.14E-07
    678000  0.13E-04  0.13E-09  0.14E-07
    679000  0.13E-04  0.13E-09  0.14E-07
    680000  0.13E-04  0.13E-09  0.14E-07
    681000  0.13E-04  0.13E-09  0.14E-07
    682000  0.13E-04  0.13E-09  0.14E-07
    683000  0.13E-04  0.13E-09  0.14E-07
    684000  0.13E-04  0.13E-09  0.14E-07
    685000  0.13E-04  0.13E-09  0.14E-07
    686000  0.13E-04  0.13E-09  0.14E-07
    687000  0.13E-04  0.13E-09  0.14E-07
    688000  0.13E-04  0.13E-09  0.14E-07
    689000  0.13E-04  0.13E-09  0.14E-07
    690000  0.13E-04  0.13E-09  0.14E-07
    691000  0.13E-04  0.13E-09  0.14E-07
    692000  0.13E-04  0.13E-09  0.14E-07
    693000  0.13E-04  0.13E-09  0.14E-07
    694000  0.13E-04  0.13E-09  0.14E-07
    695000  0.13E-04  0.13E-09  0.14E-07
    696000  0.13E-04  0.13E-09  0.14E-07
    697000  0.13E-04  0.13E-09  0.14E-07
    698000  0.13E-04  0.13E-09  0.14E-07
    699000  0.13E-04  0.14E-09  0.14E-07
    700000  0.13E-04  0.14E-09  0.14E-07
    701000  0.13E-04  0.14E-09  0.14E-07
    702000  0.13E-04  0.14E-09  0.14E-07
    703000  0.13E-04  0.14E-09  0.14E-07
    704000  0.13E-04  0.14E-09  0.14E-07
    705000  0.13E-04  0.14E-09  0.14E-07
    706000  0.13E-04  0.14E-09  0.14E-07
    707000  0.13E-04  0.14E-09  0.14E-07
    708000  0.13E-04  0.14E-09  0.14E-07
    709000  0.13E-04  0.14E-09  0.14E-07
    710000  0.13E-04  0.14E-09  0.14E-07
    711000  0.13E-04  0.14E-09  0.14E-07
    712000  0.13E-04  0.14E-09  0.14E-07
    713000  0.13E-04  0.14E-09  0.14E-07
    714000  0.13E-04  0.14E-09  0.14E-07
    715000  0.13E-04  0.14E-09  0.14E-07
    716000  0.13E-04  0.14E-09  0.14E-07
    717000  0.13E-04  0.14E-09  0.14E-07
    718000  0.13E-04  0.14E-09  0.14E-07
    719000  0.13E-04  0.14E-09  0.14E-07
    720000  0.13E-04  0.14E-09  0.14E-07
    721000  0.13E-04  0.14E-09  0.14E-07
    722000  0.13E-04  0.14E-09  0.14E-07
    723000  0.13E-04  0.14E-09  0.14E-07
    724000  0.13E-04  0.14E-09  0.14E-07
    725000  0.13E-04  0.14E-09  0.14E-07
    726000  0.13E-04  0.14E-09  0.14E-07
    727000  0.13E-04  0.14E-09  0.14E-07
    728000  0.13E-04  0.14E-09  0.14E-07
    729000  0.13E-04  0.14E-09  0.14E-07
    730000  0.13E-04  0.14E-09  0.14E-07
    731000  0.13E-04  0.14E-09  0.14E-07
    732000  0.13E-04  0.14E-09  0.14E-07
    733000  0.13E-04  0.14E-09  0.14E-07
    734000  0.13E-04  0.14E-09  0.14E-07
    735000  0.13E-04  0.14E-09  0.14E-07
    736000  0.13E-04  0.14E-09  0.14E-07
    737000  0.13E-04  0.14E-09  0.14E-07
    738000  0.13E-04  0.14E-09  0.14E-07
    739000  0.13E-04  0.14E-09  0.14E-07
    740000  0.13E-04  0.14E-09  0.14E-07
    741000  0.13E-04  0.14E-09  0.14E-07
    742000  0.13E-04  0.14E-09  0.14E-07
    743000  0.13E-04  0.14E-09  0.14E-07
    744000  0.13E-04  0.14E-09  0.14E-07
    745000  0.13E-04  0.14E-09  0.14E-07
    746000  0.13E-04  0.14E-09  0.14E-07
    747000  0.13E-04  0.14E-09  0.14E-07
    748000  0.13E-04  0.14E-09  0.14E-07
    749000  0.13E-04  0.14E-09  0.14E-07
    750000  0.13E-04  0.14E-09  0.14E-07
    751000  0.13E-04  0.15E-09  0.14E-07
    752000  0.13E-04  0.15E-09  0.14E-07
    753000  0.13E-04  0.15E-09  0.14E-07
    754000  0.13E-04  0.15E-09  0.14E-07
    755000  0.13E-04  0.15E-09  0.14E-07
    756000  0.13E-04  0.15E-09  0.14E-07
    757000  0.13E-04  0.15E-09  0.14E-07
    758000  0.13E-04  0.15E-09  0.14E-07
    759000  0.13E-04  0.15E-09  0.14E-07
    760000  0.13E-04  0.15E-09  0.14E-07
    761000  0.13E-04  0.15E-09  0.14E-07
    762000  0.13E-04  0.15E-09  0.14E-07
    763000  0.13E-04  0.15E-09  0.14E-07
    764000  0.13E-04  0.15E-09  0.14E-07
    765000  0.13E-04  0.15E-09  0.14E-07
    766000  0.13E-04  0.15E-09  0.14E-07
    767000  0.13E-04  0.15E-09  0.14E-07
    768000  0.13E-04  0.15E-09  0.14E-07
    769000  0.13E-04  0.15E-09  0.14E-07
    770000  0.13E-04  0.15E-09  0.14E-07
    771000  0.13E-04  0.15E-09  0.14E-07
    772000  0.13E-04  0.15E-09  0.14E-07
    773000  0.13E-04  0.15E-09  0.14E-07
    774000  0.13E-04  0.15E-09  0.14E-07
    775000  0.13E-04  0.15E-09  0.14E-07
    776000  0.13E-04  0.15E-09  0.14E-07
    777000  0.13E-04  0.15E-09  0.14E-07
    778000  0.13E-04  0.15E-09  0.14E-07
    779000  0.13E-04  0.15E-09  0.14E-07
    780000  0.13E-04  0.15E-09  0.14E-07
    781000  0.13E-04  0.15E-09  0.14E-07
    782000  0.13E-04  0.15E-09  0.14E-07
    783000  0.13E-04  0.15E-09  0.14E-07
    784000  0.13E-04  0.15E-09  0.14E-07
    785000  0.13E-04  0.15E-09  0.14E-07
    786000  0.13E-04  0.15E-09  0.14E-07
    787000  0.13E-04  0.15E-09  0.14E-07
    788000  0.13E-04  0.15E-09  0.14E-07
    789000  0.13E-04  0.15E-09  0.14E-07
    790000  0.13E-04  0.15E-09  0.14E-07
    791000  0.13E-04  0.15E-09  0.14E-07
    792000  0.13E-04  0.15E-09  0.14E-07
    793000  0.13E-04  0.15E-09  0.14E-07
    794000  0.13E-04  0.15E-09  0.14E-07
    795000  0.13E-04  0.15E-09  0.14E-07
    796000  0.13E-04  0.15E-09  0.14E-07
    797000  0.13E-04  0.15E-09  0.14E-07
    798000  0.13E-04  0.15E-09  0.14E-07
    799000  0.13E-04  0.15E-09  0.14E-07
    800000  0.13E-04  0.15E-09  0.14E-07
    801000  0.13E-04  0.15E-09  0.14E-07
    802000  0.13E-04  0.15E-09  0.14E-07
    803000  0.13E-04  0.16E-09  0.14E-07
    804000  0.13E-04  0.16E-09  0.14E-07
    805000  0.13E-04  0.16E-09  0.14E-07
    806000  0.13E-04  0.16E-09  0.14E-07
    807000  0.13E-04  0.16E-09  0.14E-07
    808000  0.13E-04  0.16E-09  0.14E-07
    809000  0.13E-04  0.16E-09  0.14E-07
    810000  0.13E-04  0.16E-09  0.14E-07
    811000  0.13E-04  0.16E-09  0.14E-07
    812000  0.13E-04  0.16E-09  0.14E-07
    813000  0.13E-04  0.16E-09  0.14E-07
    814000  0.13E-04  0.16E-09  0.14E-07
    815000  0.13E-04  0.16E-09  0.14E-07
    816000  0.13E-04  0.16E-09  0.14E-07
    817000  0.13E-04  0.16E-09  0.14E-07
    818000  0.13E-04  0.16E-09  0.14E-07
    819000  0.13E-04  0.16E-09  0.14E-07
    820000  0.13E-04  0.16E-09  0.14E-07
    821000  0.13E-04  0.16E-09  0.14E-07
    822000  0.13E-04  0.16E-09  0.14E-07
    823000  0.13E-04  0.16E-09  0.14E-07
    824000  0.13E-04  0.16E-09  0.14E-07
    825000  0.13E-04  0.16E-09  0.14E-07
    826000  0.13E-04  0.16E-09  0.14E-07
    827000  0.13E-04  0.16E-09  0.14E-07
    828000  0.13E-04  0.16E-09  0.14E-07
    829000  0.13E-04  0.16E-09  0.14E-07
    830000  0.13E-04  0.16E-09  0.14E-07
    831000  0.13E-04  0.16E-09  0.14E-07
    832000  0.13E-04  0.16E-09  0.14E-07
    833000  0.13E-04  0.16E-09  0.14E-07
    834000  0.13E-04  0.16E-09  0.14E-07
    835000  0.13E-04  0.16E-09  0.14E-07
    836000  0.13E-04  0.16E-09  0.14E-07
    837000  0.13E-04  0.16E-09  0.14E-07
    838000  0.13E-04  0.16E-09  0.14E-07
    839000  0.13E-04  0.16E-09  0.14E-07
    840000  0.13E-04  0.16E-09  0.14E-07
    841000  0.13E-04  0.16E-09  0.14E-07
    842000  0.13E-04  0.16E-09  0.14E-07
    843000  0.13E-04  0.16E-09  0.14E-07
    844000  0.13E-04  0.16E-09  0.14E-07
    845000  0.13E-04  0.16E-09  0.14E-07
    846000  0.13E-04  0.16E-09  0.14E-07
    847000  0.13E-04  0.16E-09  0.14E-07
    848000  0.13E-04  0.16E-09  0.14E-07
    849000  0.13E-04  0.16E-09  0.14E-07
    850000  0.13E-04  0.16E-09  0.14E-07
    851000  0.13E-04  0.16E-09  0.14E-07
    852000  0.13E-04  0.16E-09  0.14E-07
    853000  0.13E-04  0.16E-09  0.14E-07
    854000  0.13E-04  0.17E-09  0.14E-07
    855000  0.13E-04  0.17E-09  0.14E-07
    856000  0.13E-04  0.17E-09  0.14E-07
    857000  0.13E-04  0.17E-09  0.14E-07
    858000  0.13E-04  0.17E-09  0.14E-07
    859000  0.13E-04  0.17E-09  0.14E-07
    860000  0.13E-04  0.17E-09  0.14E-07
    861000  0.13E-04  0.17E-09  0.14E-07
    862000  0.13E-04  0.17E-09  0.14E-07
    863000  0.13E-04  0.17E-09  0.14E-07
    864000  0.13E-04  0.17E-09  0.14E-07
    865000  0.13E-04  0.17E-09  0.14E-07
    866000  0.13E-04  0.17E-09  0.14E-07
    867000  0.13E-04  0.17E-09  0.14E-07
    868000  0.13E-04  0.17E-09  0.14E-07
    869000  0.13E-04  0.17E-09  0.14E-07
    870000  0.13E-04  0.17E-09  0.14E-07
    871000  0.13E-04  0.17E-09  0.14E-07
    872000  0.13E-04  0.17E-09  0.14E-07
    873000  0.13E-04  0.17E-09  0.14E-07
    874000  0.13E-04  0.17E-09  0.14E-07
    875000  0.13E-04  0.17E-09  0.14E-07
    876000  0.13E-04  0.17E-09  0.14E-07
    877000  0.13E-04  0.17E-09  0.14E-07
    878000  0.13E-04  0.17E-09  0.14E-07
    879000  0.13E-04  0.17E-09  0.14E-07
    880000  0.13E-04  0.17E-09  0.14E-07
    881000  0.13E-04  0.17E-09  0.14E-07
    882000  0.13E-04  0.17E-09  0.14E-07
    883000  0.13E-04  0.17E-09  0.14E-07
    884000  0.13E-04  0.17E-09  0.14E-07
    885000  0.13E-04  0.17E-09  0.14E-07
    886000  0.13E-04  0.17E-09  0.14E-07
    887000  0.13E-04  0.17E-09  0.14E-07
    888000  0.13E-04  0.17E-09  0.14E-07
    889000  0.13E-04  0.17E-09  0.14E-07
    890000  0.13E-04  0.17E-09  0.14E-07
    891000  0.13E-04  0.17E-09  0.14E-07
    892000  0.13E-04  0.17E-09  0.14E-07
    893000  0.13E-04  0.17E-09  0.14E-07
    894000  0.13E-04  0.17E-09  0.14E-07
    895000  0.13E-04  0.17E-09  0.14E-07
    896000  0.13E-04  0.17E-09  0.14E-07
    897000  0.13E-04  0.17E-09  0.14E-07
    898000  0.13E-04  0.17E-09  0.14E-07
    899000  0.13E-04  0.17E-09  0.14E-07
    900000  0.13E-04  0.17E-09  0.14E-07
    901000  0.13E-04  0.17E-09  0.14E-07
    902000  0.13E-04  0.17E-09  0.14E-07
    903000  0.13E-04  0.17E-09  0.14E-07
    904000  0.13E-04  0.17E-09  0.14E-07
    905000  0.13E-04  0.18E-09  0.14E-07
    906000  0.13E-04  0.18E-09  0.14E-07
    907000  0.13E-04  0.18E-09  0.14E-07
    908000  0.13E-04  0.18E-09  0.14E-07
    909000  0.13E-04  0.18E-09  0.14E-07
    910000  0.13E-04  0.18E-09  0.14E-07
    911000  0.13E-04  0.18E-09  0.14E-07
    912000  0.13E-04  0.18E-09  0.14E-07
    913000  0.13E-04  0.18E-09  0.14E-07
    914000  0.13E-04  0.18E-09  0.14E-07
    915000  0.13E-04  0.18E-09  0.14E-07
    916000  0.13E-04  0.18E-09  0.14E-07
    917000  0.13E-04  0.18E-09  0.14E-07
    918000  0.13E-04  0.18E-09  0.14E-07
    919000  0.13E-04  0.18E-09  0.14E-07
    920000  0.13E-04  0.18E-09  0.14E-07
    921000  0.13E-04  0.18E-09  0.14E-07
    922000  0.13E-04  0.18E-09  0.14E-07
    923000  0.13E-04  0.18E-09  0.14E-07
    924000  0.13E-04  0.18E-09  0.14E-07
    925000  0.13E-04  0.18E-09  0.14E-07
    926000  0.13E-04  0.18E-09  0.14E-07
    927000  0.13E-04  0.18E-09  0.14E-07
    928000  0.13E-04  0.18E-09  0.14E-07
    929000  0.13E-04  0.18E-09  0.14E-07
    930000  0.13E-04  0.18E-09  0.14E-07
    931000  0.13E-04  0.18E-09  0.14E-07
    932000  0.13E-04  0.18E-09  0.14E-07
    933000  0.13E-04  0.18E-09  0.14E-07
    934000  0.13E-04  0.18E-09  0.14E-07
    935000  0.13E-04  0.18E-09  0.14E-07
    936000  0.13E-04  0.18E-09  0.14E-07
    937000  0.13E-04  0.18E-09  0.14E-07
    938000  0.13E-04  0.18E-09  0.14E-07
    939000  0.13E-04  0.18E-09  0.14E-07
    940000  0.13E-04  0.18E-09  0.14E-07
    941000  0.13E-04  0.18E-09  0.14E-07
    942000  0.13E-04  0.18E-09  0.14E-07
    943000  0.13E-04  0.18E-09  0.14E-07
    944000  0.13E-04  0.18E-09  0.14E-07
    945000  0.13E-04  0.18E-09  0.14E-07
    946000  0.13E-04  0.18E-09  0.14E-07
    947000  0.13E-04  0.18E-09  0.14E-07
    948000  0.13E-04  0.18E-09  0.14E-07
    949000  0.13E-04  0.18E-09  0.14E-07
    950000  0.13E-04  0.18E-09  0.14E-07
    951000  0.13E-04  0.18E-09  0.14E-07
    952000  0.13E-04  0.18E-09  0.14E-07
    953000  0.13E-04  0.18E-09  0.14E-07
    954000  0.13E-04  0.18E-09  0.14E-07
    955000  0.13E-04  0.18E-09  0.14E-07
    956000  0.13E-04  0.18E-09  0.14E-07
    957000  0.13E-04  0.18E-09  0.14E-07
    958000  0.13E-04  0.19E-09  0.14E-07
    959000  0.13E-04  0.19E-09  0.14E-07
    960000  0.13E-04  0.19E-09  0.14E-07
    961000  0.13E-04  0.19E-09  0.14E-07
    962000  0.13E-04  0.19E-09  0.14E-07
    963000  0.13E-04  0.19E-09  0.14E-07
    964000  0.13E-04  0.19E-09  0.14E-07
    965000  0.13E-04  0.19E-09  0.14E-07
    966000  0.13E-04  0.19E-09  0.14E-07
    967000  0.13E-04  0.19E-09  0.14E-07
    968000  0.13E-04  0.19E-09  0.14E-07
    969000  0.13E-04  0.19E-09  0.14E-07
    970000  0.13E-04  0.19E-09  0.14E-07
    971000  0.13E-04  0.19E-09  0.14E-07
    972000  0.13E-04  0.19E-09  0.14E-07
    973000  0.13E-04  0.19E-09  0.14E-07
    974000  0.13E-04  0.19E-09  0.14E-07
    975000  0.13E-04  0.19E-09  0.14E-07
    976000  0.14E-04  0.19E-09  0.14E-07
    977000  0.14E-04  0.19E-09  0.14E-07
    978000  0.14E-04  0.19E-09  0.14E-07
    979000  0.14E-04  0.19E-09  0.14E-07
    980000  0.14E-04  0.19E-09  0.14E-07
    981000  0.14E-04  0.19E-09  0.14E-07
    982000  0.14E-04  0.19E-09  0.14E-07
    983000  0.14E-04  0.19E-09  0.14E-07
    984000  0.14E-04  0.19E-09  0.14E-07
    985000  0.14E-04  0.19E-09  0.14E-07
    986000  0.14E-04  0.19E-09  0.14E-07
    987000  0.14E-04  0.19E-09  0.14E-07
    988000  0.14E-04  0.19E-09  0.14E-07
    989000  0.14E-04  0.19E-09  0.14E-07
    990000  0.14E-04  0.19E-09  0.14E-07
    991000  0.14E-04  0.19E-09  0.14E-07
    992000  0.14E-04  0.19E-09  0.14E-07
    993000  0.14E-04  0.19E-09  0.14E-07
    994000  0.14E-04  0.19E-09  0.14E-07
    995000  0.14E-04  0.19E-09  0.14E-07
    996000  0.14E-04  0.19E-09  0.14E-07
    997000  0.14E-04  0.19E-09  0.14E-07
    998000  0.14E-04  0.19E-09  0.14E-07
    999000  0.14E-04  0.19E-09  0.14E-07
   1000000  0.14E-04  0.19E-09  0.14E-07
   1001000  0.14E-04  0.19E-09  0.14E-07
   1002000  0.14E-04  0.19E-09  0.14E-07
   1003000  0.14E-04  0.19E-09  0.14E-07
   1004000  0.14E-04  0.19E-09  0.14E-07
   1005000  0.14E-04  0.19E-09  0.14E-07
   1006000  0.14E-04  0.19E-09  0.14E-07
   1007000  0.14E-04  0.19E-09  0.14E-07
   1008000  0.14E-04  0.19E-09  0.14E-07
   1009000  0.14E-04  0.19E-09  0.14E-07
   1010000  0.14E-04  0.19E-09  0.14E-07
   1011000  0.14E-04  0.20E-09  0.14E-07
   1012000  0.14E-04  0.20E-09  0.14E-07
   1013000  0.14E-04  0.20E-09  0.14E-07
   1014000  0.14E-04  0.20E-09  0.14E-07
   1015000  0.14E-04  0.20E-09  0.14E-07
   1016000  0.14E-04  0.20E-09  0.14E-07
   1017000  0.14E-04  0.20E-09  0.14E-07
   1018000  0.14E-04  0.20E-09  0.14E-07
   1019000  0.14E-04  0.20E-09  0.14E-07
   1020000  0.14E-04  0.20E-09  0.14E-07
   1021000  0.14E-04  0.20E-09  0.14E-07
   1022000  0.14E-04  0.20E-09  0.14E-07
   1023000  0.14E-04  0.20E-09  0.14E-07
   1024000  0.14E-04  0.20E-09  0.14E-07
   1025000  0.14E-04  0.20E-09  0.14E-07
   1026000  0.14E-04  0.20E-09  0.14E-07
   1027000  0.14E-04  0.20E-09  0.14E-07
   1028000  0.14E-04  0.20E-09  0.14E-07
   1029000  0.14E-04  0.20E-09  0.14E-07
   1030000  0.14E-04  0.20E-09  0.14E-07
   1031000  0.14E-04  0.20E-09  0.14E-07
   1032000  0.14E-04  0.20E-09  0.14E-07
   1033000  0.14E-04  0.20E-09  0.14E-07
   1034000  0.14E-04  0.20E-09  0.14E-07
   1035000  0.14E-04  0.20E-09  0.14E-07
   1036000  0.14E-04  0.20E-09  0.14E-07
   1037000  0.14E-04  0.20E-09  0.14E-07
   1038000  0.14E-04  0.20E-09  0.14E-07
   1039000  0.14E-04  0.20E-09  0.14E-07
   1040000  0.14E-04  0.20E-09  0.14E-07
   1041000  0.14E-04  0.20E-09  0.14E-07
   1042000  0.14E-04  0.20E-09  0.14E-07
   1043000  0.14E-04  0.20E-09  0.14E-07
   1044000  0.14E-04  0.20E-09  0.14E-07
   1045000  0.14E-04  0.20E-09  0.14E-07
   1046000  0.14E-04  0.20E-09  0.14E-07
   1047000  0.14E-04  0.20E-09  0.14E-07
   1048000  0.14E-04  0.20E-09  0.14E-07
   1049000  0.14E-04  0.20E-09  0.14E-07
   1050000  0.14E-04  0.20E-09  0.14E-07
   1051000  0.14E-04  0.20E-09  0.14E-07
   1052000  0.14E-04  0.20E-09  0.14E-07
   1053000  0.14E-04  0.20E-09  0.14E-07
   1054000  0.14E-04  0.20E-09  0.14E-07
   1055000  0.14E-04  0.20E-09  0.14E-07
   1056000  0.14E-04  0.20E-09  0.14E-07
   1057000  0.14E-04  0.20E-09  0.14E-07
   1058000  0.14E-04  0.20E-09  0.14E-07
   1059000  0.14E-04  0.20E-09  0.14E-07
   1060000  0.14E-04  0.20E-09  0.14E-07
   1061000  0.14E-04  0.21E-09  0.14E-07
   1062000  0.14E-04  0.21E-09  0.14E-07
   1063000  0.14E-04  0.21E-09  0.14E-07
   1064000  0.14E-04  0.21E-09  0.14E-07
   1065000  0.14E-04  0.21E-09  0.14E-07
   1066000  0.14E-04  0.21E-09  0.14E-07
   1067000  0.14E-04  0.21E-09  0.14E-07
   1068000  0.14E-04  0.21E-09  0.14E-07
   1069000  0.14E-04  0.21E-09  0.14E-07
   1070000  0.14E-04  0.21E-09  0.14E-07
   1071000  0.14E-04  0.21E-09  0.14E-07
   1072000  0.14E-04  0.21E-09  0.14E-07
   1073000  0.14E-04  0.21E-09  0.14E-07
   1074000  0.14E-04  0.21E-09  0.14E-07
   1075000  0.14E-04  0.21E-09  0.14E-07
   1076000  0.14E-04  0.21E-09  0.14E-07
   1077000  0.14E-04  0.21E-09  0.14E-07
   1078000  0.14E-04  0.21E-09  0.14E-07
   1079000  0.14E-04  0.21E-09  0.14E-07
   1080000  0.14E-04  0.21E-09  0.14E-07
   1081000  0.14E-04  0.21E-09  0.14E-07
   1082000  0.14E-04  0.21E-09  0.14E-07
   1083000  0.14E-04  0.21E-09  0.14E-07
   1084000  0.14E-04  0.21E-09  0.14E-07
   1085000  0.14E-04  0.21E-09  0.14E-07
   1086000  0.14E-04  0.21E-09  0.14E-07
   1087000  0.14E-04  0.21E-09  0.14E-07
   1088000  0.14E-04  0.21E-09  0.14E-07
   1089000  0.14E-04  0.21E-09  0.14E-07
   1090000  0.14E-04  0.21E-09  0.14E-07
   1091000  0.14E-04  0.21E-09  0.14E-07
   1092000  0.14E-04  0.21E-09  0.14E-07
   1093000  0.14E-04  0.21E-09  0.14E-07
   1094000  0.14E-04  0.21E-09  0.14E-07
   1095000  0.14E-04  0.21E-09  0.14E-07
   1096000  0.14E-04  0.21E-09  0.14E-07
   1097000  0.14E-04  0.21E-09  0.14E-07
   1098000  0.14E-04  0.21E-09  0.14E-07
   1099000  0.14E-04  0.21E-09  0.14E-07
   1100000  0.14E-04  0.21E-09  0.14E-07
   1101000  0.14E-04  0.21E-09  0.14E-07
   1102000  0.14E-04  0.21E-09  0.14E-07
   1103000  0.14E-04  0.21E-09  0.14E-07
   1104000  0.14E-04  0.21E-09  0.14E-07
   1105000  0.14E-04  0.21E-09  0.14E-07
   1106000  0.14E-04  0.21E-09  0.14E-07
   1107000  0.14E-04  0.21E-09  0.14E-07
   1108000  0.14E-04  0.21E-09  0.14E-07
   1109000  0.14E-04  0.21E-09  0.14E-07
   1110000  0.14E-04  0.21E-09  0.14E-07
   1111000  0.14E-04  0.21E-09  0.14E-07
   1112000  0.14E-04  0.22E-09  0.14E-07
   1113000  0.14E-04  0.22E-09  0.14E-07
   1114000  0.14E-04  0.22E-09  0.14E-07
   1115000  0.14E-04  0.22E-09  0.14E-07
   1116000  0.14E-04  0.22E-09  0.14E-07
   1117000  0.14E-04  0.22E-09  0.14E-07
   1118000  0.14E-04  0.22E-09  0.14E-07
   1119000  0.14E-04  0.22E-09  0.14E-07
   1120000  0.14E-04  0.22E-09  0.14E-07
   1121000  0.14E-04  0.22E-09  0.14E-07
   1122000  0.14E-04  0.22E-09  0.14E-07
   1123000  0.14E-04  0.22E-09  0.14E-07
   1124000  0.14E-04  0.22E-09  0.14E-07
   1125000  0.14E-04  0.22E-09  0.14E-07
   1126000  0.14E-04  0.22E-09  0.14E-07
   1127000  0.14E-04  0.22E-09  0.14E-07
   1128000  0.14E-04  0.22E-09  0.14E-07
   1129000  0.14E-04  0.22E-09  0.14E-07
   1130000  0.14E-04  0.22E-09  0.14E-07
   1131000  0.14E-04  0.22E-09  0.14E-07
   1132000  0.14E-04  0.22E-09  0.14E-07
   1133000  0.14E-04  0.22E-09  0.14E-07
   1134000  0.14E-04  0.22E-09  0.14E-07
   1135000  0.14E-04  0.22E-09  0.14E-07
   1136000  0.14E-04  0.22E-09  0.14E-07
   1137000  0.14E-04  0.22E-09  0.14E-07
   1138000  0.14E-04  0.22E-09  0.14E-07
   1139000  0.14E-04  0.22E-09  0.14E-07
   1140000  0.14E-04  0.22E-09  0.14E-07
   1141000  0.14E-04  0.22E-09  0.14E-07
   1142000  0.14E-04  0.22E-09  0.14E-07
   1143000  0.14E-04  0.22E-09  0.14E-07
   1144000  0.14E-04  0.22E-09  0.14E-07
   1145000  0.14E-04  0.22E-09  0.14E-07
   1146000  0.14E-04  0.22E-09  0.14E-07
   1147000  0.14E-04  0.22E-09  0.14E-07
   1148000  0.14E-04  0.22E-09  0.14E-07
   1149000  0.14E-04  0.22E-09  0.14E-07
   1150000  0.14E-04  0.22E-09  0.14E-07
   1151000  0.14E-04  0.22E-09  0.14E-07
   1152000  0.14E-04  0.22E-09  0.14E-07
   1153000  0.14E-04  0.22E-09  0.14E-07
   1154000  0.14E-04  0.22E-09  0.14E-07
   1155000  0.14E-04  0.22E-09  0.14E-07
   1156000  0.14E-04  0.22E-09  0.14E-07
   1157000  0.14E-04  0.22E-09  0.14E-07
   1158000  0.14E-04  0.22E-09  0.14E-07
   1159000  0.14E-04  0.22E-09  0.14E-07
   1160000  0.14E-04  0.22E-09  0.14E-07
   1161000  0.14E-04  0.23E-09  0.14E-07
   1162000  0.14E-04  0.23E-09  0.14E-07
   1163000  0.14E-04  0.23E-09  0.14E-07
   1164000  0.14E-04  0.23E-09  0.14E-07
   1165000  0.14E-04  0.23E-09  0.14E-07
   1166000  0.14E-04  0.23E-09  0.14E-07
   1167000  0.14E-04  0.23E-09  0.14E-07
   1168000  0.14E-04  0.23E-09  0.14E-07
   1169000  0.14E-04  0.23E-09  0.14E-07
   1170000  0.14E-04  0.23E-09  0.14E-07
   1171000  0.14E-04  0.23E-09  0.14E-07
   1172000  0.14E-04  0.23E-09  0.14E-07
   1173000  0.14E-04  0.23E-09  0.14E-07
   1174000  0.14E-04  0.23E-09  0.14E-07
   1175000  0.14E-04  0.23E-09  0.14E-07
   1176000  0.14E-04  0.23E-09  0.14E-07
   1177000  0.14E-04  0.23E-09  0.14E-07
   1178000  0.14E-04  0.23E-09  0.14E-07
   1179000  0.14E-04  0.23E-09  0.14E-07
   1180000  0.14E-04  0.23E-09  0.14E-07
   1181000  0.14E-04  0.23E-09  0.14E-07
   1182000  0.14E-04  0.23E-09  0.14E-07
   1183000  0.14E-04  0.23E-09  0.14E-07
   1184000  0.14E-04  0.23E-09  0.14E-07
   1185000  0.14E-04  0.23E-09  0.14E-07
   1186000  0.14E-04  0.23E-09  0.14E-07
   1187000  0.14E-04  0.23E-09  0.14E-07
   1188000  0.14E-04  0.23E-09  0.14E-07
   1189000  0.14E-04  0.23E-09  0.14E-07
   1190000  0.14E-04  0.23E-09  0.14E-07
   1191000  0.14E-04  0.23E-09  0.14E-07
   1192000  0.14E-04  0.23E-09  0.14E-07
   1193000  0.14E-04  0.23E-09  0.14E-07
   1194000  0.14E-04  0.23E-09  0.14E-07
   1195000  0.14E-04  0.23E-09  0.14E-07
   1196000  0.14E-04  0.23E-09  0.14E-07
   1197000  0.14E-04  0.23E-09  0.14E-07
   1198000  0.14E-04  0.23E-09  0.14E-07
   1199000  0.14E-04  0.23E-09  0.14E-07
   1200000  0.14E-04  0.23E-09  0.14E-07
   1201000  0.14E-04  0.23E-09  0.14E-07
   1202000  0.14E-04  0.23E-09  0.14E-07
   1203000  0.14E-04  0.23E-09  0.14E-07
   1204000  0.14E-04  0.23E-09  0.14E-07
   1205000  0.14E-04  0.23E-09  0.14E-07
   1206000  0.14E-04  0.23E-09  0.14E-07
   1207000  0.14E-04  0.23E-09  0.14E-07
   1208000  0.14E-04  0.23E-09  0.14E-07
   1209000  0.14E-04  0.23E-09  0.14E-07
   1210000  0.14E-04  0.23E-09  0.14E-07
   1211000  0.14E-04  0.23E-09  0.14E-07
   1212000  0.14E-04  0.24E-09  0.14E-07
   1213000  0.14E-04  0.24E-09  0.14E-07
   1214000  0.14E-04  0.24E-09  0.14E-07
   1215000  0.14E-04  0.24E-09  0.14E-07
   1216000  0.14E-04  0.24E-09  0.14E-07
   1217000  0.14E-04  0.24E-09  0.14E-07
   1218000  0.14E-04  0.24E-09  0.14E-07
   1219000  0.14E-04  0.24E-09  0.14E-07
   1220000  0.14E-04  0.24E-09  0.14E-07
   1221000  0.14E-04  0.24E-09  0.14E-07
   1222000  0.14E-04  0.24E-09  0.14E-07
   1223000  0.14E-04  0.24E-09  0.14E-07
   1224000  0.14E-04  0.24E-09  0.14E-07
   1225000  0.14E-04  0.24E-09  0.14E-07
   1226000  0.14E-04  0.24E-09  0.14E-07
   1227000  0.14E-04  0.24E-09  0.14E-07
   1228000  0.14E-04  0.24E-09  0.14E-07
   1229000  0.14E-04  0.24E-09  0.14E-07
   1230000  0.14E-04  0.24E-09  0.14E-07
   1231000  0.14E-04  0.24E-09  0.14E-07
   1232000  0.14E-04  0.24E-09  0.14E-07
   1233000  0.14E-04  0.24E-09  0.14E-07
   1234000  0.14E-04  0.24E-09  0.14E-07
   1235000  0.14E-04  0.24E-09  0.14E-07
   1236000  0.14E-04  0.24E-09  0.14E-07
   1237000  0.14E-04  0.24E-09  0.14E-07
   1238000  0.14E-04  0.24E-09  0.14E-07
   1239000  0.14E-04  0.24E-09  0.14E-07
   1240000  0.14E-04  0.24E-09  0.14E-07
   1241000  0.14E-04  0.24E-09  0.14E-07
   1242000  0.14E-04  0.24E-09  0.14E-07
   1243000  0.14E-04  0.24E-09  0.14E-07
   1244000  0.14E-04  0.24E-09  0.14E-07
   1245000  0.14E-04  0.24E-09  0.14E-07
   1246000  0.14E-04  0.24E-09  0.14E-07
   1247000  0.14E-04  0.24E-09  0.14E-07
   1248000  0.14E-04  0.24E-09  0.14E-07
   1249000  0.14E-04  0.24E-09  0.14E-07
   1250000  0.14E-04  0.24E-09  0.14E-07
   1251000  0.14E-04  0.24E-09  0.14E-07
   1252000  0.14E-04  0.24E-09  0.14E-07
   1253000  0.14E-04  0.24E-09  0.14E-07
   1254000  0.14E-04  0.24E-09  0.14E-07
   1255000  0.14E-04  0.24E-09  0.14E-07
   1256000  0.14E-04  0.24E-09  0.14E-07
   1257000  0.14E-04  0.24E-09  0.14E-07
   1258000  0.14E-04  0.24E-09  0.14E-07
   1259000  0.14E-04  0.24E-09  0.14E-07
   1260000  0.14E-04  0.24E-09  0.14E-07
   1261000  0.14E-04  0.25E-09  0.14E-07
   1262000  0.14E-04  0.25E-09  0.14E-07
   1263000  0.14E-04  0.25E-09  0.14E-07
   1264000  0.14E-04  0.25E-09  0.14E-07
   1265000  0.14E-04  0.25E-09  0.14E-07
   1266000  0.14E-04  0.25E-09  0.14E-07
   1267000  0.14E-04  0.25E-09  0.14E-07
   1268000  0.14E-04  0.25E-09  0.14E-07
   1269000  0.14E-04  0.25E-09  0.14E-07
   1270000  0.14E-04  0.25E-09  0.14E-07
   1271000  0.14E-04  0.25E-09  0.14E-07
   1272000  0.14E-04  0.25E-09  0.14E-07
   1273000  0.14E-04  0.25E-09  0.14E-07
   1274000  0.14E-04  0.25E-09  0.14E-07
   1275000  0.14E-04  0.25E-09  0.14E-07
   1276000  0.14E-04  0.25E-09  0.14E-07
   1277000  0.14E-04  0.25E-09  0.14E-07
   1278000  0.14E-04  0.25E-09  0.14E-07
   1279000  0.14E-04  0.25E-09  0.14E-07
   1280000  0.14E-04  0.25E-09  0.14E-07
   1281000  0.14E-04  0.25E-09  0.14E-07
   1282000  0.14E-04  0.25E-09  0.14E-07
   1283000  0.14E-04  0.25E-09  0.14E-07
   1284000  0.14E-04  0.25E-09  0.14E-07
   1285000  0.14E-04  0.25E-09  0.14E-07
   1286000  0.14E-04  0.25E-09  0.14E-07
   1287000  0.14E-04  0.25E-09  0.14E-07
   1288000  0.14E-04  0.25E-09  0.14E-07
   1289000  0.14E-04  0.25E-09  0.14E-07
   1290000  0.14E-04  0.25E-09  0.14E-07
   1291000  0.14E-04  0.25E-09  0.14E-07
   1292000  0.14E-04  0.25E-09  0.14E-07
   1293000  0.14E-04  0.25E-09  0.14E-07
   1294000  0.14E-04  0.25E-09  0.14E-07
   1295000  0.14E-04  0.25E-09  0.14E-07
   1296000  0.14E-04  0.25E-09  0.14E-07
   1297000  0.14E-04  0.25E-09  0.14E-07
   1298000  0.14E-04  0.25E-09  0.14E-07
   1299000  0.14E-04  0.25E-09  0.14E-07
   1300000  0.14E-04  0.25E-09  0.14E-07
   1301000  0.14E-04  0.25E-09  0.14E-07
   1302000  0.14E-04  0.25E-09  0.14E-07
   1303000  0.14E-04  0.25E-09  0.14E-07
   1304000  0.14E-04  0.25E-09  0.14E-07
   1305000  0.14E-04  0.25E-09  0.14E-07
   1306000  0.14E-04  0.25E-09  0.14E-07
   1307000  0.14E-04  0.25E-09  0.14E-07
   1308000  0.14E-04  0.25E-09  0.14E-07
   1309000  0.14E-04  0.25E-09  0.14E-07
   1310000  0.14E-04  0.26E-09  0.14E-07
   1311000  0.14E-04  0.26E-09  0.14E-07
   1312000  0.14E-04  0.26E-09  0.14E-07
   1313000  0.14E-04  0.26E-09  0.14E-07
   1314000  0.14E-04  0.26E-09  0.14E-07
   1315000  0.14E-04  0.26E-09  0.14E-07
   1316000  0.14E-04  0.26E-09  0.14E-07
   1317000  0.14E-04  0.26E-09  0.14E-07
   1318000  0.14E-04  0.26E-09  0.14E-07
   1319000  0.14E-04  0.26E-09  0.14E-07
   1320000  0.14E-04  0.26E-09  0.14E-07
   1321000  0.14E-04  0.26E-09  0.14E-07
   1322000  0.14E-04  0.26E-09  0.14E-07
   1323000  0.14E-04  0.26E-09  0.14E-07
   1324000  0.14E-04  0.26E-09  0.14E-07
   1325000  0.14E-04  0.26E-09  0.14E-07
   1326000  0.14E-04  0.26E-09  0.14E-07
   1327000  0.14E-04  0.26E-09  0.14E-07
   1328000  0.14E-04  0.26E-09  0.14E-07
   1329000  0.14E-04  0.26E-09  0.14E-07
   1330000  0.14E-04  0.26E-09  0.14E-07
   1331000  0.14E-04  0.26E-09  0.14E-07
   1332000  0.14E-04  0.26E-09  0.14E-07
   1333000  0.14E-04  0.26E-09  0.14E-07
   1334000  0.14E-04  0.26E-09  0.14E-07
   1335000  0.14E-04  0.26E-09  0.14E-07
   1336000  0.14E-04  0.26E-09  0.14E-07
   1337000  0.14E-04  0.26E-09  0.14E-07
   1338000  0.14E-04  0.26E-09  0.14E-07
   1339000  0.14E-04  0.26E-09  0.14E-07
   1340000  0.14E-04  0.26E-09  0.14E-07
   1341000  0.14E-04  0.26E-09  0.14E-07
   1342000  0.14E-04  0.26E-09  0.14E-07
   1343000  0.14E-04  0.26E-09  0.14E-07
   1344000  0.14E-04  0.26E-09  0.14E-07
   1345000  0.14E-04  0.26E-09  0.14E-07
   1346000  0.14E-04  0.26E-09  0.14E-07
   1347000  0.14E-04  0.26E-09  0.14E-07
   1348000  0.14E-04  0.26E-09  0.14E-07
   1349000  0.14E-04  0.26E-09  0.14E-07
   1350000  0.14E-04  0.26E-09  0.14E-07
   1351000  0.14E-04  0.26E-09  0.14E-07
   1352000  0.14E-04  0.26E-09  0.14E-07
   1353000  0.14E-04  0.26E-09  0.14E-07
   1354000  0.14E-04  0.26E-09  0.14E-07
   1355000  0.14E-04  0.26E-09  0.14E-07
   1356000  0.14E-04  0.26E-09  0.14E-07
   1357000  0.14E-04  0.26E-09  0.14E-07
   1358000  0.14E-04  0.26E-09  0.14E-07
   1359000  0.14E-04  0.27E-09  0.14E-07
   1360000  0.14E-04  0.27E-09  0.14E-07
   1361000  0.14E-04  0.27E-09  0.14E-07
   1362000  0.14E-04  0.27E-09  0.14E-07
   1363000  0.14E-04  0.27E-09  0.14E-07
   1364000  0.14E-04  0.27E-09  0.14E-07
   1365000  0.14E-04  0.27E-09  0.14E-07
   1366000  0.14E-04  0.27E-09  0.14E-07
   1367000  0.14E-04  0.27E-09  0.14E-07
   1368000  0.14E-04  0.27E-09  0.14E-07
   1369000  0.14E-04  0.27E-09  0.14E-07
   1370000  0.14E-04  0.27E-09  0.14E-07
   1371000  0.14E-04  0.27E-09  0.14E-07
   1372000  0.14E-04  0.27E-09  0.14E-07
   1373000  0.14E-04  0.27E-09  0.14E-07
   1374000  0.14E-04  0.27E-09  0.14E-07
   1375000  0.14E-04  0.27E-09  0.14E-07
   1376000  0.14E-04  0.27E-09  0.14E-07
   1377000  0.14E-04  0.27E-09  0.14E-07
   1378000  0.14E-04  0.27E-09  0.14E-07
   1379000  0.14E-04  0.27E-09  0.14E-07
   1380000  0.14E-04  0.27E-09  0.14E-07
   1381000  0.14E-04  0.27E-09  0.14E-07
   1382000  0.14E-04  0.27E-09  0.14E-07
   1383000  0.14E-04  0.27E-09  0.14E-07
   1384000  0.14E-04  0.27E-09  0.14E-07
   1385000  0.14E-04  0.27E-09  0.14E-07
   1386000  0.14E-04  0.27E-09  0.14E-07
   1387000  0.14E-04  0.27E-09  0.14E-07
   1388000  0.14E-04  0.27E-09  0.14E-07
   1389000  0.14E-04  0.27E-09  0.14E-07
   1390000  0.14E-04  0.27E-09  0.14E-07
   1391000  0.14E-04  0.27E-09  0.14E-07
   1392000  0.14E-04  0.27E-09  0.14E-07
   1393000  0.14E-04  0.27E-09  0.14E-07
   1394000  0.14E-04  0.27E-09  0.14E-07
   1395000  0.14E-04  0.27E-09  0.14E-07
   1396000  0.14E-04  0.27E-09  0.14E-07
   1397000  0.14E-04  0.27E-09  0.14E-07
   1398000  0.14E-04  0.27E-09  0.14E-07
   1399000  0.14E-04  0.27E-09  0.14E-07
   1400000  0.14E-04  0.27E-09  0.14E-07
   1401000  0.14E-04  0.27E-09  0.14E-07
   1402000  0.14E-04  0.27E-09  0.14E-07
   1403000  0.14E-04  0.27E-09  0.14E-07
   1404000  0.14E-04  0.27E-09  0.14E-07
   1405000  0.14E-04  0.27E-09  0.14E-07
   1406000  0.14E-04  0.27E-09  0.14E-07
   1407000  0.14E-04  0.27E-09  0.14E-07
   1408000  0.14E-04  0.27E-09  0.14E-07
   1409000  0.14E-04  0.28E-09  0.14E-07
   1410000  0.14E-04  0.28E-09  0.14E-07
   1411000  0.14E-04  0.28E-09  0.14E-07
   1412000  0.14E-04  0.28E-09  0.14E-07
   1413000  0.14E-04  0.28E-09  0.14E-07
   1414000  0.14E-04  0.28E-09  0.14E-07
   1415000  0.14E-04  0.28E-09  0.14E-07
   1416000  0.14E-04  0.28E-09  0.14E-07
   1417000  0.14E-04  0.28E-09  0.14E-07
   1418000  0.14E-04  0.28E-09  0.14E-07
   1419000  0.14E-04  0.28E-09  0.14E-07
   1420000  0.14E-04  0.28E-09  0.14E-07
   1421000  0.14E-04  0.28E-09  0.14E-07
   1422000  0.14E-04  0.28E-09  0.14E-07
   1423000  0.14E-04  0.28E-09  0.14E-07
   1424000  0.14E-04  0.28E-09  0.14E-07
   1425000  0.14E-04  0.28E-09  0.14E-07
   1426000  0.14E-04  0.28E-09  0.14E-07
   1427000  0.14E-04  0.28E-09  0.14E-07
   1428000  0.14E-04  0.28E-09  0.14E-07
   1429000  0.14E-04  0.28E-09  0.14E-07
   1430000  0.14E-04  0.28E-09  0.14E-07
   1431000  0.14E-04  0.28E-09  0.14E-07
   1432000  0.14E-04  0.28E-09  0.14E-07
   1433000  0.14E-04  0.28E-09  0.14E-07
   1434000  0.14E-04  0.28E-09  0.14E-07
   1435000  0.14E-04  0.28E-09  0.14E-07
   1436000  0.14E-04  0.28E-09  0.14E-07
   1437000  0.14E-04  0.28E-09  0.14E-07
   1438000  0.14E-04  0.28E-09  0.14E-07
   1439000  0.14E-04  0.28E-09  0.14E-07
   1440000  0.14E-04  0.28E-09  0.14E-07
   1441000  0.14E-04  0.28E-09  0.14E-07
   1442000  0.14E-04  0.28E-09  0.14E-07
   1443000  0.14E-04  0.28E-09  0.14E-07
   1444000  0.14E-04  0.28E-09  0.14E-07
   1445000  0.14E-04  0.28E-09  0.14E-07
   1446000  0.14E-04  0.28E-09  0.14E-07
   1447000  0.14E-04  0.28E-09  0.14E-07
   1448000  0.14E-04  0.28E-09  0.14E-07
   1449000  0.14E-04  0.28E-09  0.14E-07
   1450000  0.14E-04  0.28E-09  0.14E-07
   1451000  0.14E-04  0.28E-09  0.14E-07
   1452000  0.14E-04  0.28E-09  0.14E-07
   1453000  0.14E-04  0.28E-09  0.14E-07
   1454000  0.14E-04  0.28E-09  0.14E-07
   1455000  0.14E-04  0.28E-09  0.14E-07
   1456000  0.14E-04  0.28E-09  0.14E-07
   1457000  0.14E-04  0.29E-09  0.14E-07
   1458000  0.14E-04  0.29E-09  0.14E-07
   1459000  0.14E-04  0.29E-09  0.14E-07
   1460000  0.14E-04  0.29E-09  0.14E-07
   1461000  0.14E-04  0.29E-09  0.14E-07
   1462000  0.14E-04  0.29E-09  0.14E-07
   1463000  0.14E-04  0.29E-09  0.14E-07
   1464000  0.14E-04  0.29E-09  0.14E-07
   1465000  0.14E-04  0.29E-09  0.14E-07
   1466000  0.14E-04  0.29E-09  0.14E-07
   1467000  0.14E-04  0.29E-09  0.14E-07
   1468000  0.14E-04  0.29E-09  0.14E-07
   1469000  0.14E-04  0.29E-09  0.14E-07
   1470000  0.14E-04  0.29E-09  0.14E-07
   1471000  0.14E-04  0.29E-09  0.14E-07
   1472000  0.14E-04  0.29E-09  0.14E-07
   1473000  0.14E-04  0.29E-09  0.14E-07
   1474000  0.14E-04  0.29E-09  0.14E-07
   1475000  0.14E-04  0.29E-09  0.14E-07
   1476000  0.14E-04  0.29E-09  0.14E-07
   1477000  0.14E-04  0.29E-09  0.14E-07
   1478000  0.14E-04  0.29E-09  0.14E-07
   1479000  0.14E-04  0.29E-09  0.14E-07
   1480000  0.14E-04  0.29E-09  0.14E-07
   1481000  0.14E-04  0.29E-09  0.14E-07
   1482000  0.14E-04  0.29E-09  0.14E-07
   1483000  0.14E-04  0.29E-09  0.14E-07
   1484000  0.14E-04  0.29E-09  0.14E-07
   1485000  0.14E-04  0.29E-09  0.14E-07
   1486000  0.14E-04  0.29E-09  0.14E-07
   1487000  0.14E-04  0.29E-09  0.14E-07
   1488000  0.14E-04  0.29E-09  0.14E-07
   1489000  0.14E-04  0.29E-09  0.14E-07
   1490000  0.14E-04  0.29E-09  0.14E-07
   1491000  0.14E-04  0.29E-09  0.14E-07
   1492000  0.14E-04  0.29E-09  0.14E-07
   1493000  0.14E-04  0.29E-09  0.14E-07
   1494000  0.14E-04  0.29E-09  0.14E-07
   1495000  0.14E-04  0.29E-09  0.14E-07
   1496000  0.14E-04  0.29E-09  0.14E-07
   1497000  0.14E-04  0.29E-09  0.14E-07
   1498000  0.14E-04  0.29E-09  0.14E-07
   1499000  0.14E-04  0.29E-09  0.14E-07
   1500000  0.14E-04  0.29E-09  0.14E-07
   1501000  0.14E-04  0.29E-09  0.14E-07
   1502000  0.14E-04  0.29E-09  0.14E-07
   1503000  0.14E-04  0.29E-09  0.14E-07
   1504000  0.14E-04  0.29E-09  0.14E-07
   1505000  0.14E-04  0.30E-09  0.14E-07
   1506000  0.14E-04  0.30E-09  0.14E-07
   1507000  0.14E-04  0.30E-09  0.14E-07
   1508000  0.14E-04  0.30E-09  0.14E-07
   1509000  0.14E-04  0.30E-09  0.14E-07
   1510000  0.14E-04  0.30E-09  0.14E-07
   1511000  0.14E-04  0.30E-09  0.14E-07
   1512000  0.14E-04  0.30E-09  0.14E-07
   1513000  0.14E-04  0.30E-09  0.14E-07
   1514000  0.14E-04  0.30E-09  0.14E-07
   1515000  0.14E-04  0.30E-09  0.14E-07
   1516000  0.14E-04  0.30E-09  0.14E-07
   1517000  0.14E-04  0.30E-09  0.14E-07
   1518000  0.14E-04  0.30E-09  0.14E-07
   1519000  0.14E-04  0.30E-09  0.14E-07
   1520000  0.14E-04  0.30E-09  0.14E-07
   1521000  0.14E-04  0.30E-09  0.14E-07
   1522000  0.14E-04  0.30E-09  0.14E-07
   1523000  0.14E-04  0.30E-09  0.14E-07
   1524000  0.14E-04  0.30E-09  0.14E-07
   1525000  0.14E-04  0.30E-09  0.14E-07
   1526000  0.14E-04  0.30E-09  0.14E-07
   1527000  0.14E-04  0.30E-09  0.14E-07
   1528000  0.14E-04  0.30E-09  0.14E-07
   1529000  0.14E-04  0.30E-09  0.14E-07
   1530000  0.14E-04  0.30E-09  0.14E-07
   1531000  0.14E-04  0.30E-09  0.14E-07
   1532000  0.14E-04  0.30E-09  0.14E-07
   1533000  0.14E-04  0.30E-09  0.14E-07
   1534000  0.14E-04  0.30E-09  0.14E-07
   1535000  0.14E-04  0.30E-09  0.14E-07
   1536000  0.14E-04  0.30E-09  0.14E-07
   1537000  0.14E-04  0.30E-09  0.14E-07
   1538000  0.14E-04  0.30E-09  0.14E-07
   1539000  0.14E-04  0.30E-09  0.14E-07
   1540000  0.14E-04  0.30E-09  0.14E-07
   1541000  0.14E-04  0.30E-09  0.14E-07
   1542000  0.14E-04  0.30E-09  0.14E-07
   1543000  0.14E-04  0.30E-09  0.14E-07
   1544000  0.14E-04  0.30E-09  0.14E-07
   1545000  0.14E-04  0.30E-09  0.14E-07
   1546000  0.14E-04  0.30E-09  0.14E-07
   1547000  0.14E-04  0.30E-09  0.14E-07
   1548000  0.14E-04  0.30E-09  0.14E-07
   1549000  0.14E-04  0.30E-09  0.14E-07
   1550000  0.14E-04  0.30E-09  0.14E-07
   1551000  0.14E-04  0.30E-09  0.14E-07
   1552000  0.14E-04  0.30E-09  0.14E-07
   1553000  0.14E-04  0.31E-09  0.14E-07
   1554000  0.14E-04  0.31E-09  0.14E-07
   1555000  0.14E-04  0.31E-09  0.14E-07
   1556000  0.14E-04  0.31E-09  0.14E-07
   1557000  0.14E-04  0.31E-09  0.14E-07
   1558000  0.14E-04  0.31E-09  0.14E-07
   1559000  0.14E-04  0.31E-09  0.14E-07
   1560000  0.14E-04  0.31E-09  0.14E-07
   1561000  0.14E-04  0.31E-09  0.14E-07
   1562000  0.14E-04  0.31E-09  0.14E-07
   1563000  0.14E-04  0.31E-09  0.14E-07
   1564000  0.14E-04  0.31E-09  0.14E-07
   1565000  0.14E-04  0.31E-09  0.14E-07
   1566000  0.14E-04  0.31E-09  0.14E-07
   1567000  0.14E-04  0.31E-09  0.14E-07
   1568000  0.14E-04  0.31E-09  0.14E-07
   1569000  0.14E-04  0.31E-09  0.14E-07
   1570000  0.14E-04  0.31E-09  0.14E-07
   1571000  0.15E-04  0.31E-09  0.14E-07
   1572000  0.15E-04  0.31E-09  0.14E-07
   1573000  0.15E-04  0.31E-09  0.14E-07
   1574000  0.15E-04  0.31E-09  0.14E-07
   1575000  0.15E-04  0.31E-09  0.14E-07
   1576000  0.15E-04  0.31E-09  0.14E-07
   1577000  0.15E-04  0.31E-09  0.14E-07
   1578000  0.15E-04  0.31E-09  0.14E-07
   1579000  0.15E-04  0.31E-09  0.14E-07
   1580000  0.15E-04  0.31E-09  0.14E-07
   1581000  0.15E-04  0.31E-09  0.14E-07
   1582000  0.15E-04  0.31E-09  0.14E-07
   1583000  0.15E-04  0.31E-09  0.14E-07
   1584000  0.15E-04  0.31E-09  0.14E-07
   1585000  0.15E-04  0.31E-09  0.14E-07
   1586000  0.15E-04  0.31E-09  0.14E-07
   1587000  0.15E-04  0.31E-09  0.14E-07
   1588000  0.15E-04  0.31E-09  0.14E-07
   1589000  0.15E-04  0.31E-09  0.14E-07
   1590000  0.15E-04  0.31E-09  0.14E-07
   1591000  0.15E-04  0.31E-09  0.14E-07
   1592000  0.15E-04  0.31E-09  0.14E-07
   1593000  0.15E-04  0.31E-09  0.14E-07
   1594000  0.15E-04  0.31E-09  0.14E-07
   1595000  0.15E-04  0.31E-09  0.14E-07
   1596000  0.15E-04  0.31E-09  0.14E-07
   1597000  0.15E-04  0.31E-09  0.14E-07
   1598000  0.15E-04  0.31E-09  0.14E-07
   1599000  0.15E-04  0.31E-09  0.14E-07
   1600000  0.15E-04  0.32E-09  0.14E-07
   1601000  0.15E-04  0.32E-09  0.14E-07
   1602000  0.15E-04  0.32E-09  0.14E-07
   1603000  0.15E-04  0.32E-09  0.14E-07
   1604000  0.15E-04  0.32E-09  0.14E-07
   1605000  0.15E-04  0.32E-09  0.14E-07
   1606000  0.15E-04  0.32E-09  0.14E-07
   1607000  0.15E-04  0.32E-09  0.14E-07
   1608000  0.15E-04  0.32E-09  0.14E-07
   1609000  0.15E-04  0.32E-09  0.14E-07
   1610000  0.15E-04  0.32E-09  0.14E-07
   1611000  0.15E-04  0.32E-09  0.14E-07
   1612000  0.15E-04  0.32E-09  0.14E-07
   1613000  0.15E-04  0.32E-09  0.14E-07
   1614000  0.15E-04  0.32E-09  0.14E-07
   1615000  0.15E-04  0.32E-09  0.14E-07
   1616000  0.15E-04  0.32E-09  0.14E-07
   1617000  0.15E-04  0.32E-09  0.14E-07
   1618000  0.15E-04  0.32E-09  0.14E-07
   1619000  0.15E-04  0.32E-09  0.14E-07
   1620000  0.15E-04  0.32E-09  0.14E-07
   1621000  0.15E-04  0.32E-09  0.14E-07
   1622000  0.15E-04  0.32E-09  0.14E-07
   1623000  0.15E-04  0.32E-09  0.14E-07
   1624000  0.15E-04  0.32E-09  0.14E-07
   1625000  0.15E-04  0.32E-09  0.14E-07
   1626000  0.15E-04  0.32E-09  0.14E-07
   1627000  0.15E-04  0.32E-09  0.14E-07
   1628000  0.15E-04  0.32E-09  0.14E-07
   1629000  0.15E-04  0.32E-09  0.14E-07
   1630000  0.15E-04  0.32E-09  0.14E-07
   1631000  0.15E-04  0.32E-09  0.14E-07
   1632000  0.15E-04  0.32E-09  0.14E-07
   1633000  0.15E-04  0.32E-09  0.14E-07
   1634000  0.15E-04  0.32E-09  0.14E-07
   1635000  0.15E-04  0.32E-09  0.14E-07
   1636000  0.15E-04  0.32E-09  0.14E-07
   1637000  0.15E-04  0.32E-09  0.14E-07
   1638000  0.15E-04  0.32E-09  0.14E-07
   1639000  0.15E-04  0.32E-09  0.14E-07
   1640000  0.15E-04  0.32E-09  0.14E-07
   1641000  0.15E-04  0.32E-09  0.14E-07
   1642000  0.15E-04  0.32E-09  0.14E-07
   1643000  0.15E-04  0.32E-09  0.14E-07
   1644000  0.15E-04  0.32E-09  0.14E-07
   1645000  0.15E-04  0.32E-09  0.14E-07
   1646000  0.15E-04  0.32E-09  0.14E-07
   1647000  0.15E-04  0.32E-09  0.14E-07
   1648000  0.15E-04  0.33E-09  0.14E-07
   1649000  0.15E-04  0.33E-09  0.14E-07
   1650000  0.15E-04  0.33E-09  0.14E-07
   1651000  0.15E-04  0.33E-09  0.15E-07
   1652000  0.15E-04  0.33E-09  0.15E-07
   1653000  0.15E-04  0.33E-09  0.15E-07
   1654000  0.15E-04  0.33E-09  0.15E-07
   1655000  0.15E-04  0.33E-09  0.15E-07
   1656000  0.15E-04  0.33E-09  0.15E-07
   1657000  0.15E-04  0.33E-09  0.15E-07
   1658000  0.15E-04  0.33E-09  0.15E-07
   1659000  0.15E-04  0.33E-09  0.15E-07
   1660000  0.15E-04  0.33E-09  0.15E-07
   1661000  0.15E-04  0.33E-09  0.15E-07
   1662000  0.15E-04  0.33E-09  0.15E-07
   1663000  0.15E-04  0.33E-09  0.15E-07
   1664000  0.15E-04  0.33E-09  0.15E-07
   1665000  0.15E-04  0.33E-09  0.15E-07
   1666000  0.15E-04  0.33E-09  0.15E-07
   1667000  0.15E-04  0.33E-09  0.15E-07
   1668000  0.15E-04  0.33E-09  0.15E-07
   1669000  0.15E-04  0.33E-09  0.15E-07
   1670000  0.15E-04  0.33E-09  0.15E-07
   1671000  0.15E-04  0.33E-09  0.15E-07
   1672000  0.15E-04  0.33E-09  0.15E-07
   1673000  0.15E-04  0.33E-09  0.15E-07
   1674000  0.15E-04  0.33E-09  0.15E-07
   1675000  0.15E-04  0.33E-09  0.15E-07
   1676000  0.15E-04  0.33E-09  0.15E-07
   1677000  0.15E-04  0.33E-09  0.15E-07
   1678000  0.15E-04  0.33E-09  0.15E-07
   1679000  0.15E-04  0.33E-09  0.15E-07
   1680000  0.15E-04  0.33E-09  0.15E-07
   1681000  0.15E-04  0.33E-09  0.15E-07
   1682000  0.15E-04  0.33E-09  0.15E-07
   1683000  0.15E-04  0.33E-09  0.15E-07
   1684000  0.15E-04  0.33E-09  0.15E-07
   1685000  0.15E-04  0.33E-09  0.15E-07
   1686000  0.15E-04  0.33E-09  0.15E-07
   1687000  0.15E-04  0.33E-09  0.15E-07
   1688000  0.15E-04  0.33E-09  0.15E-07
   1689000  0.15E-04  0.33E-09  0.15E-07
   1690000  0.15E-04  0.33E-09  0.15E-07
   1691000  0.15E-04  0.33E-09  0.15E-07
   1692000  0.15E-04  0.33E-09  0.15E-07
   1693000  0.15E-04  0.33E-09  0.15E-07
   1694000  0.15E-04  0.33E-09  0.15E-07
