
 Time[sec]=
   0.0000000000000000     
         5.0000
        15.0000
        25.0000
        35.0000
        45.0000
        55.0000
        65.0000
        75.0000
        85.0000
        95.0000
       105.0000
       115.0000
       125.0000
       135.0000
       145.0000
       155.0000
       165.0000
       175.0000
       185.0000
       195.0000
       205.0000
       215.0000
       225.0000
       235.0000
       245.0000
       255.0000
       265.0000
       275.0000
       285.0000
       295.0000
       305.0000
       315.0000
       325.0000
       335.0000
       345.0000
       355.0000
       365.0000
       375.0000
       385.0000
       395.0000
       405.0000
       415.0000
       425.0000
       435.0000
       445.0000
       455.0000
       465.0000
       475.0000
         0.0000
         0.0000
         0.0000
         0.0000
         0.0000
         0.0000
         0.0000
         0.0000
         0.0000
         0.0000
         0.0000
         0.0000
         0.0000
         0.0000
         0.0000
         0.0000
         0.0000
         0.0000
         0.0000
         0.0000
         0.0000
         0.0000
         0.0000
         0.0000
         0.0000
         0.0000
         0.0000
         0.0000
         0.0000
         0.0000
         0.0000
         0.0000
         0.0000
         0.0000
         0.0000
         0.0000
         0.0000
         0.0000
         0.0000
         0.0000
         0.0000
         0.0000
         0.0000
         0.0000
         0.0000
         0.0000
         0.0000
         0.0000

 Time[sec]=
   2628840.0000000000     
         9.5467
        19.5498
        29.5526
        39.5552
        49.5574
        59.5594
        69.5611
        79.5624
        89.5635
        99.5643
       109.5648
       119.5650
       129.5650
       139.5647
       149.5642
       159.5633
       169.5621
       179.5607
       189.5589
       199.5568
       209.5545
       219.5518
       229.5489
       239.5456
       249.5421
       259.5383
       269.5342
       279.5298
       289.5252
       299.5202
       309.5149
       319.5093
       329.5035
       339.4973
       349.4909
       359.4842
       369.4772
       379.4699
       389.4623
       399.4545
       409.4464
       419.4381
       429.4294
       439.4203
       449.4106
       459.4007
       469.3903
       479.3798
       -13.1447
       -13.1447
       -13.1447
       -13.1447
       -13.1447
       -13.1447
       -13.1447
       -13.1447
       -13.1447
       -13.1447
       -13.1447
       -13.1447
       -13.1447
       -13.1447
       -13.1447
       -13.1447
       -13.1447
       -13.1447
       -13.1447
       -13.1447
       -13.1447
       -13.1447
       -13.1447
       -13.1447
       -13.1447
       -13.1447
       -13.1447
       -13.1447
       -13.1447
       -13.1447
       -13.1447
       -13.1447
       -13.1447
       -13.1447
       -13.1447
       -13.1447
       -13.1447
       -13.1447
       -13.1447
       -13.1447
       -13.1447
       -13.1447
       -13.1447
       -13.1447
       -13.1447
       -13.1447
       -13.1447
       -13.1447

 Time[sec]=
   5260815.0000000000     
         9.6977
        19.7001
        29.7020
        39.7034
        49.7042
        59.7047
        69.7048
        79.7046
        89.7040
        99.7030
       109.7017
       119.7000
       129.6981
       139.6958
       149.6932
       159.6902
       169.6868
       179.6831
       189.6792
       199.6751
       209.6708
       219.6663
       229.6616
       239.6567
       249.6515
       259.6462
       269.6407
       279.6351
       289.6293
       299.6233
       309.6170
       319.6105
       329.6037
       339.5967
       349.5894
       359.5819
       369.5742
       379.5662
       389.5581
       399.5499
       409.5416
       419.5332
       429.5260
       439.5196
       449.5114
       459.5016
       469.4912
       479.4804
      -164.3180
      -164.0495
      -163.8069
      -163.5832
      -163.3387
      -163.0371
      -162.7002
      -162.3308
      -161.9220
      -161.4878
      -161.0316
      -160.5615
      -160.0885
      -159.6189
      -159.1466
      -158.6670
      -158.1771
      -157.6716
      -157.1583
      -156.6430
      -156.1098
      -155.5394
      -154.9345
      -154.3065
      -153.6560
      -152.9810
      -152.2788
      -151.5440
      -150.7736
      -149.9681
      -149.1311
      -148.2668
      -147.3781
      -146.4655
      -145.5312
      -144.5814
      -143.6271
      -142.6761
      -141.7289
      -140.7893
      -139.8597
      -138.9350
      -137.4455
      -135.6799
      -134.2357
      -132.9062
      -131.7080
      -130.5930

 Time[sec]=
   7889655.0000000000     
         9.8379
        19.8403
        29.8419
        39.8429
        49.8431
        59.8429
        69.8423
        79.8411
        89.8396
        99.8376
       109.8352
       119.8324
       129.8293
       139.8258
       149.8220
       159.8177
       169.8131
       179.8082
       189.8030
       199.7978
       209.7924
       219.7869
       229.7812
       239.7753
       249.7693
       259.7632
       269.7570
       279.7507
       289.7443
       299.7377
       309.7308
       319.7238
       329.7166
       339.7091
       349.7014
       359.6934
       369.6853
       379.6769
       389.6684
       399.6599
       409.6515
       419.6430
       429.6356
       439.6286
       449.6199
       459.6096
       469.5986
       479.5874
      -301.9748
      -302.0874
      -302.2408
      -302.4359
      -302.6202
      -302.7351
      -302.7979
      -302.8178
      -302.7893
      -302.7270
      -302.6347
      -302.5200
      -302.3930
      -302.2585
      -302.1095
      -301.9390
      -301.7423
      -301.5119
      -301.2537
      -300.9713
      -300.6464
      -300.2573
      -299.8050
      -299.2992
      -298.7386
      -298.1202
      -297.4401
      -296.6922
      -295.8737
      -294.9859
      -294.0334
      -293.0224
      -291.9584
      -290.8457
      -289.6911
      -288.5067
      -287.3095
      -286.1140
      -284.9269
      -283.7572
      -282.6095
      -281.4759
      -279.8488
      -277.9549
      -276.3103
      -274.7627
      -273.3453
      -272.0200

 Time[sec]=
   10518495.000000000     
         9.7987
        19.8010
        29.8024
        39.8029
        49.8026
        59.8016
        69.8001
        79.7981
        89.7956
        99.7926
       109.7892
       119.7853
       129.7810
       139.7763
       149.7712
       159.7657
       169.7599
       179.7537
       189.7474
       199.7410
       209.7346
       219.7280
       229.7213
       239.7145
       249.7076
       259.7007
       269.6938
       279.6869
       289.6798
       299.6727
       309.6653
       319.6578
       329.6501
       339.6422
       349.6340
       359.6257
       369.6171
       379.6083
       389.5995
       399.5907
       409.5820
       419.5735
       429.5660
       439.5588
       449.5497
       459.5391
       469.5277
       479.5161
      -439.3025
      -439.9282
      -440.6105
      -441.3580
      -442.1052
      -442.7710
      -443.3687
      -443.9131
      -444.4006
      -444.8465
      -445.2543
      -445.6313
      -445.9867
      -446.3242
      -446.6350
      -446.9106
      -447.1444
      -447.3266
      -447.4610
      -447.5491
      -447.5702
      -447.5006
      -447.3394
      -447.0944
      -446.7627
      -446.3401
      -445.8215
      -445.2006
      -444.4743
      -443.6444
      -442.7170
      -441.6998
      -440.6013
      -439.4297
      -438.1963
      -436.9187
      -435.6200
      -434.3212
      -433.0360
      -431.7783
      -430.5546
      -429.3548
      -427.6787
      -425.7503
      -424.0710
      -422.4905
      -421.0442
      -419.6900

 Time[sec]=
   13147335.000000000     
         9.6898
        19.6920
        29.6932
        39.6932
        49.6922
        59.6905
        69.6882
        79.6853
        89.6818
        99.6778
       109.6733
       119.6682
       129.6627
       139.6568
       149.6505
       159.6438
       169.6367
       179.6293
       189.6218
       199.6143
       209.6067
       219.5991
       229.5914
       239.5837
       249.5759
       259.5682
       269.5606
       279.5530
       289.5453
       299.5376
       309.5298
       319.5218
       329.5136
       339.5052
       349.4966
       359.4878
       369.4788
       379.4696
       389.4604
       399.4513
       409.4425
       419.4339
       429.4261
       439.4184
       449.4087
       459.3976
       469.3858
       479.3737
      -577.0058
      -578.1757
      -579.4183
      -580.7508
      -582.0944
      -583.3446
      -584.5106
      -585.6132
      -586.6505
      -587.6382
      -588.5800
      -589.4827
      -590.3544
      -591.1977
      -592.0022
      -592.7576
      -593.4554
      -594.0838
      -594.6445
      -595.1364
      -595.5370
      -595.8203
      -595.9833
      -596.0321
      -595.9624
      -595.7682
      -595.4439
      -594.9825
      -594.3809
      -593.6414
      -592.7711
      -591.7800
      -590.6791
      -589.4804
      -588.1998
      -586.8605
      -585.4918
      -584.1217
      -582.7700
      -581.4561
      -580.1886
      -578.9548
      -577.3267
      -575.4781
      -573.8250
      -572.2581
      -570.8189
      -569.4702

 Time[sec]=
   15776175.000000000     
         9.6254
        19.6275
        29.6284
        39.6280
        49.6263
        59.6238
        69.6207
        79.6169
        89.6124
        99.6074
       109.6017
       119.5955
       129.5888
       139.5817
       149.5742
       159.5662
       169.5578
       179.5492
       189.5405
       199.5319
       209.5232
       219.5145
       229.5058
       239.4971
       249.4886
       259.4801
       269.4717
       279.4634
       289.4552
       299.4469
       309.4385
       319.4300
       329.4214
       339.4126
       349.4035
       359.3943
       369.3848
       379.3752
       389.3657
       399.3563
       409.3473
       419.3387
       429.3306
       439.3224
       449.3122
       459.3006
       469.2884
       479.2759
      -714.6445
      -716.3600
      -718.1649
      -720.0848
      -722.0274
      -723.8650
      -725.6025
      -727.2665
      -728.8570
      -730.3902
      -731.8697
      -733.3017
      -734.6934
      -736.0462
      -737.3482
      -738.5873
      -739.7531
      -740.8316
      -741.8224
      -742.7222
      -743.5063
      -744.1466
      -744.6381
      -744.9850
      -745.1814
      -745.2203
      -745.0948
      -744.7975
      -744.3252
      -743.6809
      -742.8728
      -741.9127
      -740.8146
      -739.5941
      -738.2717
      -736.8761
      -735.4429
      -734.0068
      -732.5943
      -731.2298
      -729.9241
      -728.6621
      -727.0728
      -725.2916
      -723.6673
      -722.1213
      -720.6985
      -719.3639

 Time[sec]=
   18405015.000000000     
         9.5085
        19.5105
        29.5111
        39.5102
        49.5079
        59.5046
        69.5006
        79.4959
        89.4905
        99.4844
       109.4776
       119.4703
       129.4624
       139.4540
       149.4452
       159.4360
       169.4264
       179.4165
       189.4066
       199.3968
       209.3870
       219.3772
       229.3675
       239.3579
       249.3485
       259.3392
       269.3301
       279.3211
       289.3123
       299.3034
       309.2945
       319.2856
       329.2765
       339.2672
       349.2577
       359.2480
       369.2381
       379.2281
       389.2182
       399.2086
       409.1994
       419.1907
       429.1824
       439.1735
       449.1628
       459.1508
       469.1381
       479.1251
      -852.2505
      -854.5133
      -856.8826
      -859.3924
      -861.9371
      -864.3652
      -866.6773
      -868.9059
      -871.0527
      -873.1346
      -875.1550
      -877.1195
      -879.0345
      -880.9001
      -882.7027
      -884.4286
      -886.0654
      -887.5972
      -889.0212
      -890.3321
      -891.5027
      -892.5031
      -893.3261
      -893.9743
      -894.4400
      -894.7148
      -894.7913
      -894.6611
      -894.3212
      -893.7751
      -893.0322
      -892.1062
      -891.0140
      -889.7747
      -888.4136
      -886.9648
      -885.4703
      -883.9715
      -882.5012
      -881.0894
      -879.7488
      -878.4619
      -876.9290
      -875.2356
      -873.6475
      -872.1272
      -870.7232
      -869.4052

 Time[sec]=
   21033855.000000000     
         9.4390
        19.4409
        29.4413
        39.4399
        49.4369
        59.4328
        69.4279
        79.4223
        89.4159
        99.4087
       109.4008
       119.3923
       129.3832
       139.3736
       149.3636
       159.3531
       169.3422
       179.3311
       189.3200
       199.3090
       209.2980
       219.2872
       229.2765
       239.2660
       249.2557
       259.2456
       269.2358
       279.2261
       289.2166
       299.2072
       309.1978
       319.1883
       329.1788
       339.1690
       349.1591
       359.1490
       369.1387
       379.1283
       389.1180
       399.1080
       409.0987
       419.0899
       429.0813
       439.0719
       449.0607
       459.0481
       469.0350
       479.0216
      -989.9318
      -992.7295
      -995.6511
      -998.7393
     -1001.8748
     -1004.8822
     -1007.7577
     -1010.5399
     -1013.2321
     -1015.8517
     -1018.4021
     -1020.8883
     -1023.3157
     -1025.6831
     -1027.9755
     -1030.1774
     -1032.2745
     -1034.2487
     -1036.0951
     -1037.8062
     -1039.3528
     -1040.7024
     -1041.8463
     -1042.7849
     -1043.5093
     -1044.0096
     -1044.2773
     -1044.3037
     -1044.0858
     -1043.6275
     -1042.9394
     -1042.0373
     -1040.9407
     -1039.6725
     -1038.2626
     -1036.7506
     -1035.1848
     -1033.6132
     -1032.0754
     -1030.6064
     -1029.2210
     -1027.8994
     -1026.4130
     -1024.7967
     -1023.2348
     -1021.7308
     -1020.3364
     -1019.0257

 Time[sec]=
   23662695.000000000     
         9.3405
        19.3423
        29.3424
        39.3405
        49.3368
        59.3319
        69.3262
        79.3196
        89.3122
        99.3039
       109.2950
       119.2853
       129.2749
       139.2641
       149.2528
       159.2410
       169.2289
       179.2165
       189.2042
       199.1920
       209.1799
       219.1681
       229.1563
       239.1449
       249.1337
       259.1228
       269.1122
       279.1019
       289.0918
       299.0818
       309.0719
       319.0619
       329.0519
       339.0417
       349.0313
       359.0207
       369.0100
       378.9991
       388.9885
       398.9783
       408.9687
       418.9599
       428.9511
       438.9410
       448.9293
       458.9163
       468.9028
       478.8889
     -1127.5847
     -1130.9122
     -1134.3813
     -1138.0434
     -1141.7656
     -1145.3483
     -1148.7830
     -1152.1147
     -1155.3482
     -1158.5016
     -1161.5779
     -1164.5818
     -1167.5175
     -1170.3827
     -1173.1609
     -1175.8347
     -1178.3880
     -1180.8006
     -1183.0655
     -1185.1728
     -1187.0912
     -1188.7863
     -1190.2471
     -1191.4724
     -1192.4514
     -1193.1734
     -1193.6287
     -1193.8081
     -1193.7085
     -1193.3343
     -1192.6976
     -1191.8158
     -1190.7115
     -1189.4111
     -1187.9491
     -1186.3706
     -1184.7303
     -1183.0828
     -1181.4743
     -1179.9451
     -1178.5117
     -1177.1523
     -1175.7071
     -1174.1613
     -1172.6212
     -1171.1307
     -1169.7432
     -1168.4372

 Time[sec]=
   26291535.000000000     
         9.2628
        19.2645
        29.2644
        39.2620
        49.2575
        59.2518
        69.2452
        79.2377
        89.2293
        99.2200
       109.2098
       119.1990
       129.1874
       139.1753
       149.1627
       159.1497
       169.1362
       179.1227
       189.1091
       199.0957
       209.0825
       219.0696
       229.0568
       239.0444
       249.0324
       259.0207
       269.0093
       278.9983
       288.9876
       298.9770
       308.9666
       318.9561
       328.9456
       338.9349
       348.9241
       358.9131
       368.9019
       378.8907
       388.8796
       398.8691
       408.8594
       418.8505
       428.8414
       438.8308
       448.8185
       458.8051
       468.7910
       478.7768
     -1265.2773
     -1269.1260
     -1273.1341
     -1277.3621
     -1281.6632
     -1285.8133
     -1289.7995
     -1293.6731
     -1297.4402
     -1301.1196
     -1304.7143
     -1308.2280
     -1311.6644
     -1315.0197
     -1318.2760
     -1321.4141
     -1324.4159
     -1327.2593
     -1329.9349
     -1332.4308
     -1334.7134
     -1336.7462
     -1338.5163
     -1340.0205
     -1341.2468
     -1342.1828
     -1342.8180
     -1343.1428
     -1343.1540
     -1342.8566
     -1342.2637
     -1341.3949
     -1340.2754
     -1338.9354
     -1337.4140
     -1335.7619
     -1334.0398
     -1332.3093
     -1330.6229
     -1329.0262
     -1327.5378
     -1326.1334
     -1324.7295
     -1323.2553
     -1321.7322
     -1320.2495
     -1318.8620
     -1317.5539

 Time[sec]=
   28920375.000000000     
         9.1826
        19.1842
        29.1838
        39.1809
        49.1757
        59.1691
        69.1616
        79.1532
        89.1437
        99.1334
       109.1221
       119.1100
       129.0973
       139.0839
       149.0701
       159.0557
       169.0410
       179.0262
       189.0114
       198.9968
       208.9825
       218.9684
       228.9547
       238.9413
       248.9284
       258.9158
       268.9038
       278.8921
       288.8807
       298.8696
       308.8586
       318.8476
       328.8366
       338.8255
       348.8143
       358.8028
       368.7912
       378.7795
       388.7681
       398.7573
       408.7474
       418.7384
       428.7291
       438.7179
       448.7050
       458.6912
       468.6767
       478.6620
     -1402.9871
     -1407.3478
     -1411.8859
     -1416.6709
     -1421.5424
     -1426.2516
     -1430.7808
     -1435.1877
     -1439.4802
     -1443.6772
     -1447.7818
     -1451.7971
     -1455.7258
     -1459.5629
     -1463.2888
     -1466.8829
     -1470.3249
     -1473.5906
     -1476.6687
     -1479.5449
     -1482.1835
     -1484.5458
     -1486.6170
     -1488.3921
     -1489.8575
     -1490.9995
     -1491.8067
     -1492.2691
     -1492.3832
     -1492.1547
     -1491.5980
     -1490.7345
     -1489.5924
     -1488.2053
     -1486.6171
     -1484.8839
     -1483.0728
     -1481.2519
     -1479.4804
     -1477.8090
     -1476.2584
     -1474.8017
     -1473.4269
     -1472.0103
     -1470.4953
     -1469.0136
     -1467.6203
     -1466.3040

 Time[sec]=
   31549215.000000000     
         9.0999
        19.1014
        29.1007
        39.0972
        49.0914
        59.0839
        69.0756
        79.0661
        89.0557
        99.0442
       109.0318
       119.0185
       129.0045
       138.9899
       148.9748
       158.9591
       168.9431
       178.9271
       188.9110
       198.8953
       208.8798
       218.8646
       228.8499
       238.8356
       248.8217
       258.8084
       268.7955
       278.7832
       288.7712
       298.7595
       308.7479
       318.7365
       328.7250
       338.7134
       348.7017
       358.6898
       368.6777
       378.6657
       388.6539
       398.6428
       408.6327
       418.6237
       428.6140
       438.6022
       448.5888
       458.5745
       468.5596
       478.5445
     -1540.6767
     -1545.5451
     -1550.6092
     -1555.9475
     -1561.3860
     -1566.6507
     -1571.7195
     -1576.6563
     -1581.4705
     -1586.1818
     -1590.7928
     -1595.3062
     -1599.7237
     -1604.0390
     -1608.2312
     -1612.2776
     -1616.1563
     -1619.8410
     -1623.3180
     -1626.5711
     -1629.5622
     -1632.2506
     -1634.6194
     -1636.6620
     -1638.3630
     -1639.7076
     -1640.6835
     -1641.2799
     -1641.4937
     -1641.3309
     -1640.8070
     -1639.9456
     -1638.7775
     -1637.3403
     -1635.6821
     -1633.8647
     -1631.9615
     -1630.0472
     -1628.1874
     -1626.4383
     -1624.8225
     -1623.3106
     -1621.9690
     -1620.6155
     -1619.1080
     -1617.6260
     -1616.2243
     -1614.8973

 Time[sec]=
   34178055.000000000     
         9.0310
        19.0324
        29.0314
        39.0274
        49.0208
        59.0125
        69.0032
        78.9929
        88.9814
        98.9688
       108.9553
       118.9408
       128.9256
       138.9097
       148.8932
       158.8763
       168.8590
       178.8417
       188.8244
       198.8074
       208.7908
       218.7746
       228.7588
       238.7435
       248.7288
       258.7146
       268.7010
       278.6880
       288.6753
       298.6630
       308.6510
       318.6390
       328.6271
       338.6150
       348.6029
       358.5905
       368.5780
       378.5655
       388.5534
       398.5420
       408.5317
       418.5226
       428.5127
       438.5002
       448.4863
       458.4715
       468.4561
       478.4406
     -1678.4203
     -1683.7859
     -1689.3655
     -1695.2469
     -1701.2424
     -1707.0529
     -1712.6512
     -1718.1080
     -1723.4341
     -1728.6497
     -1733.7573
     -1738.7590
     -1743.6554
     -1748.4391
     -1753.0877
     -1757.5767
     -1761.8823
     -1765.9760
     -1769.8423
     -1773.4624
     -1776.7963
     -1779.8011
     -1782.4579
     -1784.7583
     -1786.6854
     -1788.2231
     -1789.3581
     -1790.0792
     -1790.3832
     -1790.2767
     -1789.7764
     -1788.9079
     -1787.7048
     -1786.2081
     -1784.4710
     -1782.5604
     -1780.5561
     -1778.5394
     -1776.5826
     -1774.7468
     -1773.0568
     -1771.4807
     -1770.1619
     -1768.8600
     -1767.3509
     -1765.8610
     -1764.4434
     -1763.0982

 Time[sec]=
   36806895.000000000     
         8.9505
        18.9518
        28.9504
        38.9459
        48.9386
        58.9295
        68.9192
        78.9079
        88.8954
        98.8817
       108.8670
       118.8513
       128.8348
       138.8177
       148.7999
       158.7817
       168.7631
       178.7445
       188.7260
       198.7078
       208.6900
       218.6727
       228.6559
       238.6397
       248.6240
       258.6090
       268.5947
       278.5809
       288.5677
       298.5548
       308.5422
       318.5297
       328.5173
       338.5048
       348.4922
       358.4794
       368.4664
       378.4535
       388.4410
       398.4293
       408.4189
       418.4097
       428.3995
       438.3864
       448.3719
       458.3566
       468.3408
       478.3248
     -1816.1055
     -1821.9660
     -1828.0589
     -1834.4813
     -1841.0320
     -1847.3863
     -1853.5125
     -1859.4874
     -1865.3236
     -1871.0416
     -1876.6440
     -1882.1320
     -1887.5055
     -1892.7558
     -1897.8588
     -1902.7886
     -1907.5192
     -1912.0203
     -1916.2739
     -1920.2593
     -1923.9342
     -1927.2536
     -1930.1966
     -1932.7531
     -1934.9046
     -1936.6337
     -1937.9262
     -1938.7704
     -1939.1630
     -1939.1113
     -1938.6331
     -1937.7560
     -1936.5164
     -1934.9590
     -1933.1415
     -1931.1364
     -1929.0297
     -1926.9094
     -1924.8543
     -1922.9307
     -1921.1653
     -1919.5239
     -1918.2304
     -1916.9831
     -1915.4727
     -1913.9753
     -1912.5417
     -1911.1781

 Time[sec]=
   39435735.000000000     
         8.8859
        18.8870
        28.8854
        38.8803
        48.8722
        58.8622
        68.8511
        78.8388
        88.8252
        98.8105
       108.7946
       118.7777
       128.7599
       138.7415
       148.7225
       158.7029
       168.6830
       178.6631
       188.6434
       198.6240
       208.6051
       218.5866
       228.5688
       238.5516
       248.5351
       258.5192
       268.5041
       278.4897
       288.4758
       298.4623
       308.4492
       318.4362
       328.4233
       338.4103
       348.3972
       358.3840
       368.3706
       378.3573
       388.3444
       398.3324
       408.3218
       418.3125
       428.3020
       438.2883
       448.2732
       458.2575
       468.2412
       478.2248
     -1953.8375
     -1960.1841
     -1966.7817
     -1973.7368
     -1980.8345
     -1987.7246
     -1994.3703
     -2000.8553
     -2007.1934
     -2013.4059
     -2019.4948
     -2025.4611
     -2031.3037
     -2037.0124
     -2042.5618
     -2047.9243
     -2053.0719
     -2057.9721
     -2062.6051
     -2066.9478
     -2070.9556
     -2074.5816
     -2077.8030
     -2080.6077
     -2082.9756
     -2084.8883
     -2086.3305
     -2087.2899
     -2087.7635
     -2087.7588
     -2087.2950
     -2086.4018
     -2085.1181
     -2083.4925
     -2081.5871
     -2079.4801
     -2077.2635
     -2075.0322
     -2072.8714
     -2070.8525
     -2069.0043
     -2067.2902
     -2066.0173
     -2064.8200
     -2063.3023
     -2061.7920
     -2060.3364
     -2058.9484

 Time[sec]=
   42064575.000000000     
         8.8129
        18.8139
        28.8120
        38.8064
        48.7975
        58.7867
        68.7746
        78.7613
        88.7467
        98.7308
       108.7138
       118.6957
       128.6767
       138.6570
       148.6366
       158.6157
       168.5946
       178.5734
       188.5524
       198.5318
       208.5117
       218.4922
       228.4733
       238.4551
       248.4377
       258.4210
       268.4052
       278.3900
       288.3755
       298.3615
       308.3478
       318.3343
       328.3209
       338.3075
       348.2939
       358.2802
       368.2664
       378.2526
       388.2394
       398.2271
       408.2163
       418.2070
       428.1961
       438.1818
       448.1661
       458.1499
       468.1331
       478.1162
     -2091.5261
     -2098.3550
     -2105.4536
     -2112.9379
     -2120.5794
     -2128.0019
     -2135.1639
     -2142.1555
     -2148.9923
     -2155.6958
     -2162.2681
     -2168.7094
     -2175.0176
     -2181.1814
     -2187.1740
     -2192.9658
     -2198.5271
     -2203.8233
     -2208.8323
     -2213.5290
     -2217.8667
     -2221.7961
     -2225.2926
     -2228.3423
     -2230.9237
     -2233.0168
     -2234.6057
     -2235.6775
     -2236.2289
     -2236.2684
     -2235.8163
     -2234.9040
     -2233.5735
     -2231.8770
     -2229.8811
     -2227.6695
     -2225.3406
     -2222.9957
     -2220.7265
     -2218.6100
     -2216.6764
     -2214.8870
     -2213.6331
     -2212.4839
     -2210.9571
     -2209.4328
     -2207.9543
     -2206.5407

 Time[sec]=
   44693415.000000000     
         8.7473
        18.7481
        28.7459
        38.7397
        48.7301
        58.7184
        68.7054
        78.6911
        88.6754
        98.6585
       108.6403
       118.6209
       128.6006
       138.5796
       148.5580
       158.5358
       168.5133
       178.4908
       188.4685
       198.4467
       208.4255
       218.4049
       228.3849
       238.3658
       248.3475
       258.3300
       268.3134
       278.2975
       288.2824
       298.2677
       308.2535
       318.2395
       328.2256
       338.2117
       348.1977
       358.1835
       368.1693
       378.1551
       388.1415
       398.1289
       408.1179
       418.1085
       428.0974
       438.0824
       448.0660
       458.0494
       468.0321
       478.0148
     -2229.2055
     -2236.5123
     -2244.1074
     -2252.1167
     -2260.2979
     -2268.2489
     -2275.9231
     -2283.4174
     -2290.7487
     -2297.9393
     -2304.9908
     -2311.9030
     -2318.6729
     -2325.2879
     -2331.7195
     -2337.9367
     -2343.9076
     -2349.5958
     -2354.9769
     -2360.0237
     -2364.6872
     -2368.9162
     -2372.6839
     -2375.9748
     -2378.7657
     -2381.0355
     -2382.7672
     -2383.9475
     -2384.5732
     -2384.6531
     -2384.2089
     -2383.2740
     -2381.8931
     -2380.1220
     -2378.0320
     -2375.7123
     -2373.2675
     -2370.8055
     -2368.4246
     -2366.2068
     -2364.1844
     -2362.3163
     -2361.0830
     -2359.9843
     -2358.4473
     -2356.9080
     -2355.4045
     -2353.9632

 Time[sec]=
   47322255.000000000     
         8.6821
        18.6828
        28.6803
        38.6736
        48.6632
        58.6506
        68.6366
        78.6213
        88.6046
        98.5865
       108.5671
       118.5466
       128.5250
       138.5027
       148.4797
       158.4562
       168.4324
       178.4086
       188.3851
       198.3621
       208.3397
       218.3180
       228.2970
       238.2769
       248.2576
       258.2393
       268.2219
       278.2054
       288.1896
       298.1744
       308.1596
       318.1451
       328.1307
       338.1163
       348.1019
       358.0872
       368.0725
       378.0580
       388.0440
       398.0311
       408.0199
       418.0104
       427.9990
       437.9833
       447.9663
       457.9492
       467.9314
       477.9136
     -2366.8779
     -2374.6568
     -2382.7428
     -2391.2715
     -2399.9870
     -2408.4612
     -2416.6422
     -2424.6337
     -2432.4542
     -2440.1265
     -2447.6519
     -2455.0297
     -2462.2558
     -2469.3166
     -2476.1820
     -2482.8192
     -2489.1945
     -2495.2693
     -2501.0173
     -2506.4089
     -2511.3930
     -2515.9163
     -2519.9501
     -2523.4770
     -2526.4723
     -2528.9137
     -2530.7832
     -2532.0671
     -2532.7621
     -2532.8776
     -2532.4365
     -2531.4741
     -2530.0380
     -2528.1877
     -2525.9990
     -2523.5666
     -2521.0012
     -2518.4176
     -2515.9204
     -2513.5968
     -2511.4811
     -2509.5298
     -2508.3127
     -2507.2601
     -2505.7090
     -2504.1519
     -2502.6207
     -2501.1489

 Time[sec]=
   49951095.000000000     
         8.6153
        18.6160
        28.6131
        38.6058
        48.5947
        58.5812
        68.5663
        78.5500
        88.5322
        98.5130
       108.4924
       118.4706
       128.4478
       138.4242
       148.3999
       158.3750
       168.3499
       178.3249
       188.3001
       198.2758
       208.2522
       218.2294
       228.2074
       238.1863
       248.1662
       258.1470
       268.1288
       278.1116
       288.0952
       298.0793
       308.0640
       318.0490
       328.0341
       338.0193
       348.0044
       357.9893
       367.9741
       377.9591
       387.9448
       397.9316
       407.9203
       417.9107
       427.8989
       437.8825
       447.8649
       457.8473
       467.8290
       477.8107
     -2504.4974
     -2512.7463
     -2521.3213
     -2530.3677
     -2539.6160
     -2548.6117
     -2557.2980
     -2565.7851
     -2574.0933
     -2582.2456
     -2590.2433
     -2598.0851
     -2605.7659
     -2613.2708
     -2620.5684
     -2627.6240
     -2634.4021
     -2640.8620
     -2646.9753
     -2652.7101
     -2658.0134
     -2662.8295
     -2667.1279
     -2670.8894
     -2674.0877
     -2676.6993
     -2678.7052
     -2680.0913
     -2680.8543
     -2681.0041
     -2680.5648
     -2679.5737
     -2678.0812
     -2676.1505
     -2673.8619
     -2671.3156
     -2668.6287
     -2665.9223
     -2663.3077
     -2660.8773
     -2658.6672
     -2656.6315
     -2655.4347
     -2654.4325
     -2652.8684
     -2651.2948
     -2649.7362
     -2648.2342

 Time[sec]=
   52579935.000000000     
         8.5556
        18.5561
        28.5529
        38.5450
        48.5331
        58.5187
        68.5028
        78.4856
        88.4667
        98.4463
       108.4246
       118.4016
       128.3775
       138.3525
       148.3269
       158.3008
       168.2743
       178.2479
       188.2219
       198.1964
       208.1717
       218.1477
       228.1247
       238.1026
       248.0815
       258.0616
       268.0426
       278.0247
       288.0076
       297.9912
       307.9753
       317.9598
       327.9444
       337.9291
       347.9137
       357.8982
       367.8826
       377.8672
       387.8524
       397.8390
       407.8274
       417.8178
       427.8057
       437.7885
       447.7703
       457.7522
       467.7334
       477.7146
     -2642.1352
     -2650.8478
     -2659.9054
     -2669.4633
     -2679.2384
     -2688.7497
     -2697.9351
     -2706.9119
     -2715.7017
     -2724.3280
     -2732.7921
     -2741.0918
     -2749.2213
     -2757.1644
     -2764.8881
     -2772.3562
     -2779.5312
     -2786.3703
     -2792.8429
     -2798.9152
     -2804.5316
     -2809.6348
     -2814.1919
     -2818.1822
     -2821.5778
     -2824.3539
     -2826.4906
     -2827.9733
     -2828.7986
     -2828.9771
     -2828.5341
     -2827.5089
     -2825.9546
     -2823.9381
     -2821.5443
     -2818.8788
     -2816.0650
     -2813.2306
     -2810.4933
     -2807.9507
     -2805.6410
     -2803.5157
     -2802.3355
     -2801.3803
     -2799.7993
     -2798.2060
     -2796.6167
     -2795.0811

 Time[sec]=
   55208775.000000000     
         8.4902
        18.4906
        28.4871
        38.4787
        48.4659
        58.4506
        68.4338
        78.4155
        88.3956
        98.3741
       108.3512
       118.3269
       128.3015
       138.2753
       148.2483
       158.2208
       168.1931
       178.1654
       188.1381
       198.1114
       208.0854
       218.0604
       228.0362
       238.0132
       247.9912
       257.9704
       267.9507
       277.9321
       287.9143
       297.8973
       307.8809
       317.8648
       327.8490
       337.8332
       347.8174
       357.8014
       367.7854
       377.7695
       387.7544
       397.7406
       407.7289
       417.7192
       427.7067
       437.6888
       447.6700
       457.6513
       467.6320
       477.6127
     -2779.6980
     -2788.8732
     -2798.4122
     -2808.4807
     -2818.7818
     -2828.8079
     -2838.4917
     -2847.9572
     -2857.2277
     -2866.3273
     -2875.2568
     -2884.0136
     -2892.5909
     -2900.9714
     -2909.1205
     -2917.0002
     -2924.5713
     -2931.7888
     -2938.6200
     -2945.0289
     -2950.9579
     -2956.3473
     -2961.1625
     -2965.3810
     -2968.9732
     -2971.9131
     -2974.1800
     -2975.7587
     -2976.6459
     -2976.8526
     -2976.4055
     -2975.3458
     -2973.7292
     -2971.6265
     -2969.1272
     -2966.3423
     -2963.4012
     -2960.4386
     -2957.5784
     -2954.9234
     -2952.5139
     -2950.2987
     -2949.1384
     -2948.2337
     -2946.6373
     -2945.0263
     -2943.4076
     -2941.8396

 Time[sec]=
   57837615.000000000     
         8.4330
        18.4332
        28.4294
        38.4204
        48.4069
        58.3906
        68.3729
        78.3535
        88.3325
        98.3099
       108.2858
       118.2602
       128.2336
       138.2060
       148.1777
       158.1489
       168.1198
       178.0908
       188.0622
       198.0343
       208.0072
       217.9810
       227.9558
       237.9318
       247.9089
       257.8873
       267.8668
       277.8474
       287.8291
       297.8115
       307.7945
       317.7779
       327.7616
       337.7453
       347.7290
       357.7126
       367.6961
       377.6798
       387.6643
       397.6503
       407.6384
       417.6286
       427.6157
       437.5971
       447.5776
       457.5584
       467.5386
       477.5187
     -2917.2806
     -2926.9128
     -2936.9279
     -2947.5017
     -2958.3237
     -2968.8595
     -2979.0364
     -2988.9855
     -2998.7317
     -3008.2992
     -3017.6891
     -3026.8979
     -3035.9179
     -3044.7306
     -3053.3000
     -3061.5863
     -3069.5482
     -3077.1391
     -3084.3239
     -3091.0644
     -3097.3008
     -3102.9715
     -3108.0399
     -3112.4815
     -3116.2655
     -3119.3644
     -3121.7566
     -3123.4266
     -3124.3708
     -3124.6011
     -3124.1451
     -3123.0461
     -3121.3627
     -3119.1692
     -3116.5598
     -3113.6508
     -3110.5780
     -3107.4825
     -3104.4949
     -3101.7230
     -3099.2090
     -3096.8996
     -3095.7581
     -3094.9032
     -3093.2889
     -3091.6581
     -3090.0074
     -3088.4042

 Time[sec]=
   60466455.000000000     
         8.3715
        18.3716
        28.3674
        38.3578
        48.3435
        58.3264
        68.3076
        78.2873
        88.2652
        98.2414
       108.2161
       118.1893
       128.1614
       138.1325
       148.1028
       158.0727
       168.0423
       178.0120
       187.9821
       197.9529
       207.9246
       217.8973
       227.8711
       237.8461
       247.8223
       257.7998
       267.7786
       277.7585
       287.7395
       297.7213
       307.7037
       317.6866
       327.6698
       337.6531
       347.6363
       357.6194
       367.6025
       377.5858
       387.5699
       397.5556
       407.5435
       417.5337
       427.5204
       437.5010
       447.4808
       457.4610
       467.4407
       477.4204
     -3054.7937
     -3064.8810
     -3075.3703
     -3086.4476
     -3097.7889
     -3108.8328
     -3119.5012
     -3129.9323
     -3140.1524
     -3150.1864
     -3160.0349
     -3169.6941
     -3179.1552
     -3188.3985
     -3197.3865
     -3206.0777
     -3214.4290
     -3222.3916
     -3229.9284
     -3236.9990
     -3243.5414
     -3249.4919
     -3254.8120
     -3259.4754
     -3263.4496
     -3266.7061
     -3269.2224
     -3270.9823
     -3271.9823
     -3272.2348
     -3271.7688
     -3270.6294
     -3268.8781
     -3266.5928
     -3263.8721
     -3260.8381
     -3257.6325
     -3254.4032
     -3251.2872
     -3248.3975
     -3245.7781
     -3243.3733
     -3242.2519
     -3241.4479
     -3239.8160
     -3238.1665
     -3236.4846
     -3234.8470

 Time[sec]=
   63095295.000000000     
         8.3142
        18.3141
        28.3096
        38.2995
        48.2843
        58.2663
        68.2466
        78.2252
        88.2020
        98.1771
       108.1506
       118.1225
       128.0933
       138.0630
       148.0321
       158.0006
       167.9688
       177.9372
       187.9060
       197.8756
       207.8462
       217.8177
       227.7905
       237.7645
       247.7398
       257.7164
       267.6944
       277.6736
       287.6539
       297.6352
       307.6171
       317.5995
       327.5822
       337.5650
       347.5477
       357.5303
       367.5130
       377.4959
       387.4796
       397.4649
       407.4527
       417.4428
       427.4291
       437.4089
       447.3880
       457.3677
       467.3468
       477.3260
     -3192.2985
     -3202.8376
     -3213.7979
     -3225.3756
     -3237.2332
     -3248.7823
     -3259.9393
     -3270.8494
     -3281.5404
     -3292.0378
     -3302.3420
     -3312.4486
     -3322.3478
     -3332.0187
     -3341.4224
     -3350.5156
     -3359.2534
     -3367.5848
     -3375.4707
     -3382.8685
     -3389.7140
     -3395.9415
     -3401.5104
     -3406.3928
     -3410.5546
     -3413.9659
     -3416.6035
     -3418.4506
     -3419.5038
     -3419.7759
     -3419.2973
     -3418.1149
     -3416.2931
     -3413.9133
     -3411.0790
     -3407.9173
     -3404.5766
     -3401.2110
     -3397.9641
     -3394.9541
     -3392.2269
     -3389.7243
     -3388.6251
     -3387.8748
     -3386.2251
     -3384.5572
     -3382.8433
     -3381.1705

 Time[sec]=
   65724135.000000000     
         8.2569
        18.2567
        28.2519
        38.2411
        48.2252
        58.2062
        68.1855
        78.1631
        88.1388
        98.1128
       108.0850
       118.0557
       128.0252
       137.9936
       147.9613
       157.9285
       167.8954
       177.8624
       187.8300
       197.7983
       207.7677
       217.7381
       227.7098
       237.6828
       247.6572
       257.6330
       267.6102
       277.5887
       287.5684
       297.5490
       307.5304
       317.5122
       327.4944
       337.4768
       347.4590
       357.4412
       367.4234
       377.4059
       387.3892
       397.3743
       407.3619
       417.3518
       427.3378
       437.3168
       447.2952
       457.2743
       467.2529
       477.2315
     -3329.7588
     -3340.7465
     -3352.1744
     -3364.2494
     -3376.6204
     -3388.6716
     -3400.3141
     -3411.7001
     -3422.8591
     -3433.8169
     -3444.5738
     -3455.1247
     -3465.4590
     -3475.5545
     -3485.3709
     -3494.8631
     -3503.9844
     -3512.6817
     -3520.9138
     -3528.6358
     -3535.7816
     -3542.2832
     -3548.0981
     -3553.1966
     -3557.5432
     -3561.1067
     -3563.8629
     -3565.7945
     -3566.8982
     -3567.1875
     -3566.6936
     -3565.4657
     -3563.5709
     -3561.0943
     -3558.1439
     -3554.8523
     -3551.3739
     -3547.8698
     -3544.4897
     -3541.3570
     -3538.5197
     -3535.9170
     -3534.8392
     -3534.1419
     -3532.4734
     -3530.7868
     -3529.0405
     -3527.3321

 Time[sec]=
   68352975.000000000     
         8.1992
        18.1988
        28.1937
        38.1823
        48.1656
        58.1457
        68.1240
        78.1005
        88.0752
        98.0479
       108.0190
       117.9884
       127.9565
       137.9237
       147.8900
       157.8558
       167.8214
       177.7871
       187.7534
       197.7205
       207.6887
       217.6580
       227.6286
       237.6006
       247.5741
       257.5490
       267.5254
       277.5032
       287.4823
       297.4623
       307.4431
       317.4244
       327.4061
       337.3880
       347.3698
       357.3515
       367.3333
       377.3153
       387.2983
       397.2830
       407.2704
       417.2603
       427.2459
       437.2240
       447.2017
       457.1803
       467.1582
       477.1363
     -3467.1790
     -3478.6138
     -3490.5080
     -3503.0789
     -3515.9622
     -3528.5145
     -3540.6412
     -3552.5020
     -3564.1276
     -3575.5446
     -3586.7530
     -3597.7470
     -3608.5152
     -3619.0341
     -3629.2620
     -3639.1521
     -3648.6557
     -3657.7177
     -3666.2948
     -3674.3400
     -3681.7850
     -3688.5596
     -3694.6195
     -3699.9332
     -3704.4635
     -3708.1782
     -3711.0520
     -3713.0673
     -3714.2206
     -3714.5260
     -3714.0161
     -3712.7419
     -3710.7733
     -3708.1991
     -3705.1318
     -3701.7095
     -3698.0929
     -3694.4494
     -3690.9354
     -3687.6794
     -3684.7311
     -3682.0278
     -3680.9753
     -3680.3352
     -3678.6491
     -3676.9456
     -3675.1680
     -3673.4248

 Time[sec]=
   70981815.000000000     
         8.1451
        18.1447
        28.1392
        38.1272
        48.1097
        58.0888
        68.0661
        78.0417
        88.0152
        97.9868
       107.9566
       117.9248
       127.8916
       137.8574
       147.8224
       157.7868
       167.7510
       177.7154
       187.6804
       197.6463
       207.6133
       217.5815
       227.5510
       237.5220
       247.4946
       257.4687
       267.4443
       277.4214
       287.3998
       297.3792
       307.3594
       317.3403
       327.3215
       337.3029
       347.2842
       357.2655
       367.2467
       377.2284
       387.2110
       397.1954
       407.1826
       417.1725
       427.1576
       437.1348
       447.1118
       457.0898
       467.0672
       477.0447
     -3604.5751
     -3616.4528
     -3628.8092
     -3641.8722
     -3655.2639
     -3668.3134
     -3680.9206
     -3693.2522
     -3705.3407
     -3717.2131
     -3728.8691
     -3740.3024
     -3751.5006
     -3762.4393
     -3773.0748
     -3783.3590
     -3793.2411
     -3802.6642
     -3811.5826
     -3819.9472
     -3827.6877
     -3834.7317
     -3841.0329
     -3846.5582
     -3851.2687
     -3855.1310
     -3858.1190
     -3860.2144
     -3861.4139
     -3861.7321
     -3861.2027
     -3859.8789
     -3857.8332
     -3855.1582
     -3851.9708
     -3848.4146
     -3844.6564
     -3840.8704
     -3837.2193
     -3833.8368
     -3830.7745
     -3827.9672
     -3826.9391
     -3826.3552
     -3824.6500
     -3822.9287
     -3821.1185
     -3819.3391

 Time[sec]=
   73610655.000000000     
         8.0881
        18.0874
        28.0816
        38.0691
        48.0507
        58.0289
        68.0052
        77.9797
        87.9521
        97.9225
       107.8911
       117.8580
       127.8235
       137.7880
       147.7516
       157.7147
       167.6775
       177.6406
       187.6043
       197.5690
       207.5347
       217.5018
       227.4703
       237.4403
       247.4119
       257.3852
       267.3601
       277.3364
       287.3141
       297.2930
       307.2726
       317.2530
       327.2337
       337.2146
       347.1954
       357.1762
       367.1571
       377.1383
       387.1205
       397.1046
       407.0917
       417.0814
       427.0662
       437.0425
       447.0187
       456.9962
       466.9729
       476.9498
     -3741.9139
     -3754.2340
     -3767.0519
     -3780.6064
     -3794.5061
     -3808.0525
     -3821.1397
     -3833.9417
     -3846.4927
     -3858.8199
     -3870.9230
     -3882.7952
     -3894.4231
     -3905.7809
     -3916.8237
     -3927.5016
     -3937.7618
     -3947.5455
     -3956.8048
     -3965.4886
     -3973.5242
     -3980.8372
     -3987.3796
     -3993.1161
     -3998.0066
     -4002.0163
     -4005.1182
     -4007.2937
     -4008.5392
     -4008.8701
     -4008.3212
     -4006.9478
     -4004.8250
     -4002.0491
     -3998.7416
     -3995.0516
     -3991.1519
     -3987.2235
     -3983.4354
     -3979.9264
     -3976.7502
     -3973.8390
     -3972.8391
     -3972.3154
     -3970.5929
     -3968.8564
     -3967.0153
     -3965.2016

 Time[sec]=
   76239495.000000000     
         8.0359
        18.0351
        28.0290
        38.0158
        47.9966
        57.9739
        67.9492
        77.9226
        87.8939
        97.8632
       107.8305
       117.7962
       127.7604
       137.7235
       147.6857
       157.6474
       167.6090
       177.5707
       187.5331
       197.4965
       207.4611
       217.4270
       227.3944
       237.3634
       247.3342
       257.3066
       267.2807
       277.2563
       287.2334
       297.2116
       307.1907
       317.1705
       327.1507
       337.1311
       347.1115
       357.0919
       367.0723
       377.0530
       387.0349
       397.0187
       407.0056
       416.9953
       426.9796
       436.9550
       446.9305
       456.9073
       466.8835
       476.8598
     -3879.2358
     -3891.9942
     -3905.2696
     -3919.3118
     -3933.7159
     -3947.7555
     -3961.3189
     -3974.5876
     -3987.5972
     -4000.3756
     -4012.9221
     -4025.2294
     -4037.2832
     -4049.0565
     -4060.5029
     -4071.5707
     -4082.2055
     -4092.3461
     -4101.9427
     -4110.9420
     -4119.2691
     -4126.8477
     -4133.6275
     -4139.5717
     -4144.6388
     -4148.7924
     -4152.0048
     -4154.2569
     -4155.5451
     -4155.8853
     -4155.3137
     -4153.8873
     -4151.6841
     -4148.8041
     -4145.3733
     -4141.5462
     -4137.5020
     -4133.4279
     -4129.4996
     -4125.8611
     -4122.5678
     -4119.5496
     -4118.5777
     -4118.1144
     -4116.3731
     -4114.6205
     -4112.7472
     -4110.8978

 Time[sec]=
   78868335.000000000     
         7.9809
        17.9799
        27.9734
        37.9597
        47.9396
        57.9159
        67.8902
        77.8626
        87.8328
        97.8009
       107.7670
       117.7314
       127.6942
       137.6560
       147.6169
       157.5772
       167.5374
       177.4978
       187.4589
       197.4210
       207.3844
       217.3492
       227.3156
       237.2836
       247.2534
       257.2249
       267.1982
       277.1732
       287.1496
       297.1272
       307.1058
       317.0851
       327.0648
       337.0447
       347.0246
       357.0045
       366.9844
       376.9648
       386.9462
       396.9298
       406.9165
       416.9061
       426.8899
       436.8644
       446.8391
       456.8154
       466.7909
       476.7666
     -4016.4969
     -4029.6927
     -4043.4249
     -4057.9540
     -4072.8620
     -4087.3941
     -4101.4332
     -4115.1679
     -4128.6355
     -4141.8644
     -4154.8538
     -4167.5956
     -4180.0746
     -4192.2628
     -4204.1122
     -4215.5693
     -4226.5780
     -4237.0750
     -4247.0084
     -4256.3227
     -4264.9408
     -4272.7844
     -4279.8013
     -4285.9529
     -4291.1960
     -4295.4932
     -4298.8159
     -4301.1442
     -4302.4749
     -4302.8241
     -4302.2295
     -4300.7500
     -4298.4663
     -4295.4821
     -4291.9279
     -4287.9637
     -4283.7748
     -4279.5550
     -4275.4865
     -4271.7183
     -4268.3079
     -4265.1826
     -4264.2416
     -4263.8412
     -4262.0826
     -4260.3162
     -4258.4125
     -4256.5289

 Time[sec]=
   81497175.000000000     
         7.9291
        17.9280
        27.9211
        37.9068
        47.8859
        57.8612
        67.8346
        77.8059
        87.7749
        97.7418
       107.7067
       117.6698
       127.6313
       137.5917
       147.5513
       157.5102
       167.4690
       177.4281
       187.3879
       197.3488
       207.3110
       217.2746
       227.2399
       237.2070
       247.1758
       257.1465
       267.1191
       277.0933
       287.0690
       297.0460
       307.0241
       317.0028
       326.9820
       336.9615
       346.9409
       356.9204
       366.8998
       376.8797
       386.8608
       396.8441
       406.8306
       416.8201
       426.8035
       436.7770
       446.7510
       456.7266
       466.7015
       476.6766
     -4153.7261
     -4167.3564
     -4181.5424
     -4196.5556
     -4211.9646
     -4226.9867
     -4241.4988
     -4255.6968
     -4269.6197
     -4283.2964
     -4296.7259
     -4309.8995
     -4322.8012
     -4335.4015
     -4347.6512
     -4359.4951
     -4370.8750
     -4381.7258
     -4391.9933
     -4401.6200
     -4410.5266
     -4418.6326
     -4425.8840
     -4432.2405
     -4437.6572
     -4442.0956
     -4445.5259
     -4447.9282
     -4449.2989
     -4449.6549
     -4449.0349
     -4447.4999
     -4445.1335
     -4442.0427
     -4438.3629
     -4434.2594
     -4429.9235
     -4425.5559
     -4421.3449
     -4417.4449
     -4413.9151
     -4410.6806
     -4409.7720
     -4409.4363
     -4407.6601
     -4405.8801
     -4403.9455
     -4402.0273

 Time[sec]=
   84126015.000000000     
         7.8765
        17.8753
        27.8681
        37.8531
        47.8313
        57.8057
        67.7780
        77.7483
        87.7162
        97.6819
       107.6456
       117.6074
       127.5676
       137.5266
       147.4848
       157.4424
       167.3998
       177.3576
       187.3161
       197.2757
       207.2367
       217.1992
       227.1634
       237.1294
       247.0974
       257.0672
       267.0390
       277.0125
       286.9876
       296.9640
       306.9414
       316.9197
       326.8984
       336.8774
       346.8564
       356.8353
       366.8143
       376.7938
       386.7745
       396.7575
       406.7437
       416.7332
       426.7161
       436.6887
       446.6619
       456.6368
       466.6111
       476.5856
     -4290.8776
     -4304.9410
     -4319.5793
     -4335.0752
     -4350.9840
     -4366.4949
     -4381.4788
     -4396.1390
     -4410.5160
     -4424.6393
     -4438.5077
     -4452.1119
     -4465.4350
     -4478.4463
     -4491.0952
     -4503.3246
     -4515.0746
     -4526.2781
     -4536.8787
     -4546.8166
     -4556.0106
     -4564.3781
     -4571.8630
     -4578.4233
     -4584.0127
     -4588.5912
     -4592.1285
     -4594.6037
     -4596.0136
     -4596.3756
     -4595.7295
     -4594.1383
     -4591.6884
     -4588.4904
     -4584.6843
     -4580.4408
     -4575.9574
     -4571.4413
     -4567.0873
     -4563.0548
     -4559.4050
     -4556.0607
     -4555.1860
     -4554.9165
     -4553.1232
     -4551.3313
     -4549.3668
     -4547.4151

 Time[sec]=
   86754855.000000000     
         7.8245
        17.8232
        27.8156
        37.8000
        47.7774
        57.7508
        67.7221
        77.6913
        87.6581
        97.6226
       107.5850
       117.5455
       127.5044
       137.4621
       147.4189
       157.3751
       167.3312
       177.2876
       187.2448
       197.2031
       207.1629
       217.1243
       227.0874
       237.0525
       247.0195
       256.9885
       266.9594
       276.9322
       286.9067
       296.8825
       306.8594
       316.8371
       326.8153
       336.7938
       346.7723
       356.7508
       366.7293
       376.7084
       386.6887
       396.6714
       406.6575
       416.6469
       426.6293
       436.6009
       446.5733
       456.5476
       466.5212
       476.4951
     -4427.9724
     -4442.4669
     -4457.5556
     -4473.5322
     -4489.9391
     -4505.9373
     -4521.3914
     -4536.5121
     -4551.3416
     -4565.9099
     -4580.2156
     -4594.2488
     -4607.9916
     -4621.4124
     -4634.4587
     -4647.0722
     -4659.1907
     -4670.7452
     -4681.6773
     -4691.9250
     -4701.4049
     -4710.0323
     -4717.7493
     -4724.5120
     -4730.2725
     -4734.9899
     -4738.6326
     -4741.1795
     -4742.6273
     -4742.9939
     -4742.3204
     -4740.6718
     -4738.1371
     -4734.8308
     -4730.8972
     -4726.5124
     -4721.8803
     -4717.2145
     -4712.7163
     -4708.5502
     -4704.7793
     -4701.3240
     -4700.4859
     -4700.2855
     -4698.4758
     -4696.6731
     -4694.6794
     -4692.6947

 Time[sec]=
   89383695.000000000     
         7.7741
        17.7726
        27.7647
        37.7484
        47.7250
        57.6975
        67.6677
        77.6358
        87.6015
        97.5649
       107.5260
       117.4852
       127.4427
       137.3991
       147.3545
       157.3093
       167.2640
       177.2191
       187.1750
       197.1321
       207.0907
       217.0509
       227.0129
       236.9770
       246.9431
       256.9112
       266.8814
       276.8535
       286.8273
       296.8024
       306.7788
       316.7560
       326.7337
       336.7117
       346.6897
       356.6678
       366.6459
       376.6245
       386.6044
       396.5868
       406.5727
       416.5620
       426.5440
       436.5146
       446.4861
       456.4598
       466.4328
       476.4060
     -4564.9962
     -4579.9197
     -4595.4567
     -4611.9122
     -4628.8152
     -4645.2989
     -4661.2215
     -4676.8008
     -4692.0811
     -4707.0925
     -4721.8336
     -4736.2939
     -4750.4548
     -4764.2832
     -4777.7253
     -4790.7209
     -4803.2062
     -4815.1101
     -4826.3719
     -4836.9277
     -4846.6918
     -4855.5776
     -4863.5250
     -4870.4884
     -4876.4187
     -4881.2733
     -4885.0200
     -4887.6371
     -4889.1213
     -4889.4911
     -4888.7889
     -4887.0814
     -4884.4607
     -4881.0447
     -4876.9823
     -4872.4550
     -4867.6730
     -4862.8562
     -4858.2125
     -4853.9115
     -4850.0183
     -4846.4507
     -4845.6504
     -4845.5197
     -4843.6936
     -4841.8811
     -4839.8585
     -4837.8412

 Time[sec]=
   92012535.000000000     
         7.7224
        17.7207
        27.7124
        37.6956
        47.6713
        57.6428
        67.6120
        77.5790
        87.5436
        97.5057
       107.4656
       117.4235
       127.3797
       137.3347
       147.2887
       157.2422
       167.1955
       177.1492
       187.1038
       197.0596
       207.0170
       216.9761
       226.9371
       236.9001
       246.8653
       256.8326
       266.8020
       276.7733
       286.7464
       296.7210
       306.6968
       316.6735
       326.6507
       336.6282
       346.6058
       356.5833
       366.5610
       376.5392
       386.5187
       396.5008
       406.4865
       416.4758
       426.4572
       436.4268
       446.3975
       456.3705
       466.3429
       476.3154
     -4701.9583
     -4717.3095
     -4733.2935
     -4750.2264
     -4767.6245
     -4784.5926
     -4800.9827
     -4817.0197
     -4832.7495
     -4848.2030
     -4863.3785
     -4878.2650
     -4892.8428
     -4907.0777
     -4920.9145
     -4934.2913
     -4947.1424
     -4959.3946
     -4970.9853
     -4981.8482
     -4991.8956
     -5001.0387
     -5009.2156
     -5016.3790
     -5022.4781
     -5027.4691
     -5031.3190
     -5034.0055
     -5035.5254
     -5035.8977
     -5035.1660
     -5033.3991
     -5030.6917
     -5027.1653
     -5022.9735
     -5018.3032
     -5013.3706
     -5008.4023
     -5003.6126
     -4999.1762
     -4995.1600
     -4991.4795
     -4990.7197
     -4990.6617
     -4988.8202
     -4986.9996
     -4984.9492
     -4982.9004

 Time[sec]=
   94641375.000000000     
         7.6735
        17.6717
        27.6630
        37.6455
        47.6204
        57.5909
        67.5591
        77.5250
        87.4884
        97.4494
       107.4080
       117.3646
       127.3195
       137.2730
       147.2257
       157.1778
       167.1297
       177.0821
       187.0354
       196.9900
       206.9461
       216.9041
       226.8640
       236.8260
       246.7902
       256.7567
       266.7253
       276.6959
       286.6684
       296.6424
       306.6176
       316.5937
       326.5704
       336.5475
       346.5246
       356.5017
       366.4789
       376.4566
       386.4358
       396.4175
       406.4031
       416.3923
       426.3732
       436.3418
       446.3116
       456.2840
       466.2556
       476.2275
     -4838.8512
     -4854.6277
     -4871.0565
     -4888.4648
     -4906.3558
     -4923.8066
     -4940.6622
     -4957.1549
     -4973.3324
     -4989.2260
     -5004.8339
     -5020.1446
     -5035.1374
     -5049.7770
     -5064.0066
     -5077.7627
     -5090.9777
     -5103.5764
     -5115.4941
     -5126.6623
     -5136.9911
     -5146.3898
     -5154.7945
     -5162.1561
     -5168.4223
     -5173.5481
     -5177.4995
     -5180.2538
     -5181.8078
     -5182.1810
     -5181.4183
     -5179.5904
     -5176.7948
     -5173.1566
     -5168.8340
     -5164.0191
     -5158.9345
     -5153.8133
     -5148.8761
     -5144.3028
     -5140.1623
     -5136.3676
     -5135.6496
     -5135.6652
     -5133.8082
     -5131.9803
     -5129.9023
     -5127.8221

 Time[sec]=
   97270215.000000000     
         7.6230
        17.6209
        27.6119
        37.5938
        47.5678
        57.5373
        67.5045
        77.4693
        87.4316
        97.3913
       107.3487
       117.3040
       127.2575
       137.2097
       147.1610
       157.1117
       167.0622
       177.0133
       186.9652
       196.9185
       206.8735
       216.8303
       226.7891
       236.7501
       246.7134
       256.6790
       266.6468
       276.6168
       286.5886
       296.5619
       306.5366
       316.5122
       326.4884
       336.4650
       346.4416
       356.4182
       366.3950
       376.3723
       386.3511
       396.3325
       406.3179
       416.3070
       426.2874
       436.2549
       446.2239
       456.1956
       466.1666
       476.1378
     -4975.6836
     -4991.8844
     -5008.7567
     -5026.6390
     -5045.0220
     -5062.9543
     -5080.2746
     -5097.2220
     -5113.8460
     -5130.1788
     -5146.2181
     -5161.9519
     -5177.3587
     -5192.4019
     -5207.0234
     -5221.1578
     -5234.7358
     -5247.6800
     -5259.9237
     -5271.3962
     -5282.0057
     -5291.6591
     -5300.2908
     -5307.8497
     -5314.2822
     -5319.5420
     -5323.5942
     -5326.4156
     -5328.0030
     -5328.3765
     -5327.5822
     -5325.6927
     -5322.8082
     -5319.0577
     -5314.6036
     -5309.6438
     -5304.4066
     -5299.1319
     -5294.0468
     -5289.3362
     -5285.0708
     -5281.1613
     -5280.4873
     -5280.5786
     -5278.7069
     -5276.8734
     -5274.7689
     -5272.6585

 Time[sec]=
   99899055.000000000     
         7.5746
        17.5724
        27.5630
        37.5443
        47.5174
        57.4859
        67.4521
        77.4158
        87.3769
        97.3355
       107.2916
       117.2455
       127.1977
       137.1485
       147.0984
       157.0477
       166.9969
       176.9466
       186.8972
       196.8493
       206.8030
       216.7587
       226.7164
       236.6764
       246.6388
       256.6035
       266.5705
       276.5398
       286.5109
       296.4837
       306.4578
       316.4328
       326.4086
       336.3846
       346.3608
       356.3369
       366.3132
       376.2901
       386.2685
       396.2497
       406.2348
       416.2239
       426.2038
       436.1702
       446.1383
       456.1094
       466.0796
       476.0501
     -5112.4415
     -5129.0646
     -5146.3786
     -5164.7332
     -5183.6065
     -5202.0190
     -5219.8023
     -5237.2028
     -5254.2719
     -5271.0422
     -5287.5114
     -5303.6669
     -5319.4861
     -5334.9314
     -5349.9432
     -5364.4545
     -5378.3938
     -5391.6821
     -5404.2504
     -5416.0259
     -5426.9145
     -5436.8213
     -5445.6785
     -5453.4335
     -5460.0309
     -5465.4234
     -5469.5751
     -5472.4624
     -5474.0819
     -5474.4545
     -5473.6274
     -5471.6751
     -5468.7007
     -5464.8367
     -5460.2502
     -5455.1442
     -5449.7534
     -5444.3242
     -5439.0901
     -5434.2410
     -5429.8496
     -5425.8244
     -5425.1963
     -5425.3652
     -5423.4791
     -5421.6411
     -5419.5106
     -5417.3704

 Time[sec]=
   102527895.00000000     
         7.5257
        17.5234
        27.5136
        37.4943
        47.4665
        57.4340
        67.3991
        77.3618
        87.3217
        97.2790
       107.2339
       117.1865
       127.1373
       137.0868
       147.0353
       156.9832
       166.9310
       176.8793
       186.8287
       196.7794
       206.7319
       216.6864
       226.6431
       236.6021
       246.5636
       256.5274
       266.4937
       276.4622
       286.4326
       296.4048
       306.3784
       316.3529
       326.3281
       336.3037
       346.2794
       356.2551
       366.2309
       376.2074
       386.1854
       396.1662
       406.1512
       416.1402
       426.1195
       436.0849
       446.0521
       456.0225
       465.9920
       475.9619
     -5249.1448
     -5266.1887
     -5283.9429
     -5302.7683
     -5322.1304
     -5341.0217
     -5359.2669
     -5377.1192
     -5394.6320
     -5411.8385
     -5428.7362
     -5445.3119
     -5461.5424
     -5477.3884
     -5492.7892
     -5507.6760
     -5521.9755
     -5535.6066
     -5548.4982
     -5560.5755
     -5571.7421
     -5581.9010
     -5590.9826
     -5598.9325
     -5605.6938
     -5611.2179
     -5615.4681
     -5618.4202
     -5620.0709
     -5620.4416
     -5619.5807
     -5617.5648
     -5614.4996
     -5610.5213
     -5605.8014
     -5600.5484
     -5595.0032
     -5589.4187
     -5584.0347
     -5579.0463
     -5574.5283
     -5570.3864
     -5569.8058
     -5570.0533
     -5568.1531
     -5566.3119
     -5564.1562
     -5561.9870

 Time[sec]=
   105156735.00000000     
         7.4774
        17.4749
        27.4648
        37.4447
        47.4161
        57.3827
        67.3467
        77.3082
        87.2670
        97.2231
       107.1767
       117.1280
       127.0775
       137.0255
       146.9726
       156.9191
       166.8656
       176.8125
       186.7605
       196.7100
       206.6614
       216.6147
       226.5703
       236.5283
       246.4888
       256.4518
       266.4173
       276.3850
       286.3549
       296.3264
       306.2994
       316.2734
       326.2481
       336.2232
       346.1984
       356.1736
       366.1490
       376.1251
       386.1027
       396.0832
       406.0680
       416.0569
       426.0357
       436.0000
       445.9663
       455.9360
       465.9048
       475.8740
     -5385.7671
     -5403.2305
     -5421.4235
     -5440.7185
     -5460.5683
     -5479.9376
     -5498.6436
     -5516.9467
     -5534.9022
     -5552.5439
     -5569.8691
     -5586.8641
     -5603.5046
     -5619.7506
     -5635.5394
     -5650.8007
     -5665.4595
     -5679.4324
     -5692.6464
     -5705.0245
     -5716.4682
     -5726.8784
     -5736.1835
     -5744.3276
     -5751.2519
     -5756.9069
     -5761.2548
     -5764.2710
     -5765.9522
     -5766.3204
     -5765.4251
     -5763.3449
     -5760.1882
     -5756.0950
     -5751.2411
     -5745.8406
     -5740.1405
     -5734.4001
     -5728.8656
     -5723.7375
     -5719.0922
     -5714.8331
     -5714.3026
     -5714.6310
     -5712.7176
     -5710.8748
     -5708.6948
     -5706.4975

 Time[sec]=
   107785575.00000000     
         7.4301
        17.4274
        27.4169
        37.3963
        47.3668
        57.3323
        67.2953
        77.2557
        87.2134
        97.1682
       107.1205
       117.0705
       127.0186
       136.9653
       146.9110
       156.8561
       166.8012
       176.7468
       186.6934
       196.6417
       206.5918
       216.5440
       226.4985
       236.4555
       246.4150
       256.3772
       266.3419
       276.3089
       286.2781
       296.2490
       306.2214
       316.1949
       326.1691
       336.1437
       346.1185
       356.0932
       366.0681
       376.0437
       386.0210
       396.0012
       405.9858
       415.9746
       425.9529
       435.9160
       445.8815
       455.8505
       465.8186
       475.7870
     -5522.3381
     -5540.2192
     -5558.8493
     -5578.6120
     -5598.9481
     -5618.7937
     -5637.9591
     -5656.7114
     -5675.1080
     -5693.1833
     -5710.9345
     -5728.3472
     -5745.3964
     -5762.0405
     -5778.2159
     -5793.8502
     -5808.8667
     -5823.1801
     -5836.7150
     -5849.3925
     -5861.1118
     -5871.7719
     -5881.2993
     -5889.6360
     -5896.7222
     -5902.5067
     -5906.9511
     -5910.0302
     -5911.7407
     -5912.1051
     -5911.1742
     -5909.0286
     -5905.7794
     -5901.5701
     -5896.5813
     -5891.0322
     -5885.1760
     -5879.2786
     -5873.5928
     -5868.3238
     -5863.5501
     -5859.1729
     -5858.6935
     -5859.1037
     -5857.1770
     -5855.3337
     -5853.1298
     -5850.9050

 Time[sec]=
   110414415.00000000     
         7.3820
        17.3791
        27.3683
        37.3470
        47.3166
        57.2811
        67.2430
        77.2024
        87.1588
        97.1125
       107.0635
       117.0122
       126.9589
       136.9042
       146.8485
       156.7922
       166.7359
       176.6801
       186.6254
       196.5724
       206.5213
       216.4723
       226.4258
       236.3817
       246.3404
       256.3017
       266.2655
       276.2319
       286.2004
       296.1707
       306.1426
       316.1155
       326.0892
       336.0634
       346.0376
       356.0119
       365.9863
       375.9615
       385.9384
       395.9183
       405.9027
       415.8914
       425.8691
       435.8311
       445.7957
       455.7640
       465.7313
       475.6990
     -5658.8275
     -5677.1253
     -5696.1914
     -5716.4209
     -5737.2423
     -5757.5635
     -5777.1875
     -5796.3882
     -5815.2252
     -5833.7333
     -5851.9096
     -5869.7392
     -5887.1962
     -5904.2379
     -5920.7989
     -5936.8056
     -5952.1791
     -5966.8321
     -5980.6873
     -5993.6634
     -6005.6578
     -6016.5671
     -6026.3161
     -6034.8449
     -6042.0923
     -6048.0058
     -6052.5461
     -6055.6875
     -6057.4269
     -6057.7870
     -6056.8202
     -6054.6088
     -6051.2667
     -6046.9409
     -6041.8167
     -6036.1187
     -6030.1061
     -6024.0515
     -6018.2139
     -6012.8037
     -6007.9014
     -6003.4056
     -6002.9799
     -6003.4740
     -6001.5349
     -5999.6927
     -5997.4660
     -5995.2149

 Time[sec]=
   113043255.00000000     
         7.3358
        17.3328
        27.3216
        37.2996
        47.2684
        57.2319
        67.1927
        77.1510
        87.1062
        97.0587
       107.0084
       116.9557
       126.9011
       136.8450
       146.7879
       156.7302
       166.6725
       176.6154
       186.5594
       196.5050
       206.4527
       216.4026
       226.3549
       236.3099
       246.2676
       256.2281
       266.1911
       276.1567
       286.1246
       296.0943
       306.0656
       316.0381
       326.0113
       335.9849
       345.9587
       355.9325
       365.9065
       375.8812
       385.8577
       395.8373
       405.8215
       415.8102
       425.7873
       435.7482
       445.7118
       455.6794
       465.6460
       475.6130
     -5795.2633
     -5813.9761
     -5833.4764
     -5854.1711
     -5875.4762
     -5896.2717
     -5916.3528
     -5936.0005
     -5955.2763
     -5974.2157
     -5992.8157
     -6011.0608
     -6028.9241
     -6046.3618
     -6063.3072
     -6079.6847
     -6095.4138
     -6110.4051
     -6124.5792
     -6137.8526
     -6150.1206
     -6161.2779
     -6171.2471
     -6179.9669
     -6187.3741
     -6193.4155
     -6198.0505
     -6201.2531
     -6203.0201
     -6203.3750
     -6202.3711
     -6200.0927
     -6196.6566
     -6192.2135
     -6186.9529
     -6181.1049
     -6174.9350
     -6168.7221
     -6162.7317
     -6157.1794
     -6152.1474
     -6147.5321
     -6147.1615
     -6147.7405
     -6145.7890
     -6143.9490
     -6141.7000
     -6139.4229

 Time[sec]=
   115672095.00000000     
         7.2886
        17.2854
        27.2738
        37.2512
        47.2190
        57.1815
        67.1413
        77.0984
        87.0525
        97.0037
       106.9521
       116.8981
       126.8421
       136.7846
       146.7261
       156.6670
       166.6079
       176.5494
       186.4921
       196.4365
       206.3829
       216.3317
       226.2830
       236.2369
       246.1937
       256.1533
       266.1156
       276.0804
       286.0476
       296.0168
       305.9875
       315.9594
       325.9321
       335.9052
       345.8785
       355.8519
       365.8254
       375.7997
       385.7758
       395.7551
       405.7392
       415.7277
       425.7042
       435.6640
       445.6267
       455.5935
       465.5594
       475.5256
     -5931.6235
     -5950.7500
     -5970.6834
     -5991.8422
     -6013.6299
     -6034.8987
     -6055.4361
     -6075.5298
     -6095.2435
     -6114.6132
     -6133.6360
     -6152.2956
     -6170.5643
     -6188.3971
     -6205.7259
     -6222.4733
     -6238.5571
     -6253.8857
     -6268.3778
     -6281.9478
     -6294.4886
     -6305.8930
     -6316.0817
     -6324.9916
     -6332.5581
     -6338.7265
     -6343.4556
     -6346.7188
     -6348.5128
     -6348.8617
     -6347.8202
     -6345.4744
     -6341.9438
     -6337.3827
     -6331.9852
     -6325.9868
     -6319.6590
     -6313.2874
     -6307.1437
     -6301.4488
     -6296.2867
     -6291.5514
     -6291.2377
     -6291.9029
     -6289.9396
     -6288.1033
     -6285.8329
     -6283.5309

 Time[sec]=
   118300935.00000000     
         7.2429
        17.2395
        27.2275
        37.2043
        47.1713
        57.1327
        67.0914
        77.0474
        87.0003
        96.9503
       106.8974
       116.8421
       126.7847
       136.7258
       146.6659
       156.6054
       166.5449
       176.4850
       186.4264
       196.3695
       206.3147
       216.2623
       226.2125
       236.1655
       246.1213
       256.0800
       266.0415
       276.0057
       285.9722
       295.9407
       305.9109
       315.8822
       325.8544
       335.8271
       345.7999
       355.7728
       365.7459
       375.7197
       385.6954
       395.6744
       405.6583
       415.6468
       425.6227
       435.5812
       445.5431
       455.5092
       465.4743
       475.4397
     -6067.9201
     -6087.4592
     -6107.8245
     -6129.4460
     -6151.7154
     -6173.4566
     -6194.4493
     -6214.9879
     -6235.1385
     -6254.9376
     -6274.3820
     -6293.4552
     -6312.1283
     -6330.3553
     -6348.0664
     -6365.1829
     -6381.6203
     -6397.2855
     -6412.0947
     -6425.9602
     -6438.7730
     -6450.4237
     -6460.8311
     -6469.9303
     -6477.6552
     -6483.9499
     -6488.7723
     -6492.0954
     -6493.9157
     -6494.2581
     -6493.1782
     -6490.7644
     -6487.1387
     -6482.4590
     -6476.9241
     -6470.7747
     -6464.2884
     -6457.7575
     -6451.4600
     -6445.6219
     -6440.3292
     -6435.4733
     -6435.2187
     -6435.9718
     -6433.9971
     -6432.1661
     -6429.8750
     -6427.5490

 Time[sec]=
   120929775.00000000     
         7.1969
        17.1933
        27.1810
        37.1571
        47.1232
        57.0836
        67.0412
        76.9961
        86.9478
        96.8965
       106.8424
       116.7857
       126.7270
       136.6667
       146.6053
       156.5434
       166.4815
       176.4203
       186.3603
       196.3021
       206.2461
       216.1926
       226.1417
       236.0936
       246.0485
       256.0063
       265.9671
       275.9305
       285.8963
       295.8643
       305.8339
       315.8047
       325.7764
       335.7486
       345.7209
       355.6933
       365.6659
       375.6394
       385.6147
       395.5934
       405.5771
       415.5655
       425.5408
       435.4981
       445.4590
       455.4244
       465.3887
       475.3534
     -6204.1526
     -6224.1025
     -6244.8982
     -6266.9809
     -6289.7304
     -6311.9427
     -6333.3894
     -6354.3717
     -6374.9578
     -6395.1849
     -6415.0496
     -6434.5349
     -6453.6111
     -6472.2309
     -6490.3231
     -6507.8072
     -6524.5971
     -6540.5974
     -6555.7225
     -6569.8823
     -6582.9659
     -6594.8617
     -6605.4865
     -6614.7738
     -6622.6561
     -6629.0760
     -6633.9906
     -6637.3725
     -6639.2181
     -6639.5529
     -6638.4338
     -6635.9509
     -6632.2291
     -6627.4300
     -6621.7567
     -6615.4555
     -6608.8099
     -6602.1188
     -6595.6667
     -6589.6845
     -6584.2602
     -6579.2830
     -6579.0885
     -6579.9300
     -6577.9439
     -6576.1190
     -6573.8078
     -6571.4583

 Time[sec]=
   123558615.00000000     
         7.1513
        17.1475
        27.1348
        37.1102
        47.0754
        57.0348
        66.9914
        76.9451
        86.8957
        96.8431
       106.7877
       116.7297
       126.6695
       136.6078
       146.5451
       156.4817
       166.4184
       176.3558
       186.2945
       196.2351
       206.1779
       216.1231
       226.0711
       236.0221
       245.9760
       255.9330
       265.8929
       275.8556
       285.8208
       295.7882
       305.7572
       315.7275
       325.6987
       335.6704
       345.6422
       355.6142
       365.5863
       375.5593
       385.5342
       395.5126
       405.4961
       415.4844
       425.4592
       435.4153
       445.3753
       455.3399
       465.3034
       475.2674
     -6340.3087
     -6360.6689
     -6381.8941
     -6404.4375
     -6427.6667
     -6450.3497
     -6472.2500
     -6493.6755
     -6514.6966
     -6535.3512
     -6555.6359
     -6575.5329
     -6595.0117
     -6614.0239
     -6632.4967
     -6650.3482
     -6667.4901
     -6683.8252
     -6699.2658
     -6713.7196
     -6727.0736
     -6739.2142
     -6750.0562
     -6759.5315
     -6767.5708
     -6774.1157
     -6779.1224
     -6782.5629
     -6784.4338
     -6784.7609
     -6783.6024
     -6781.0504
     -6777.2325
     -6772.3139
     -6766.5023
     -6760.0491
     -6753.2442
     -6746.3930
     -6739.7862
     -6733.6600
     -6728.1041
     -6723.0055
     -6722.8737
     -6723.8059
     -6721.8094
     -6719.9926
     -6717.6626
     -6715.2910

 Time[sec]=
   126187455.00000000     
         7.1065
        17.1026
        27.0894
        37.0642
        47.0285
        56.9869
        66.9423
        76.8949
        86.8443
        96.7905
       106.7338
       116.6744
       126.6129
       136.5498
       146.4856
       156.4208
       166.3561
       176.2922
       186.2295
       196.1688
       206.1104
       216.0545
       226.0014
       235.9513
       245.9043
       255.8604
       265.8196
       275.7816
       285.7461
       295.7128
       305.6813
       315.6511
       325.6217
       335.5929
       345.5643
       355.5358
       365.5075
       375.4800
       385.4545
       395.4326
       405.4159
       415.4042
       425.3783
       435.3332
       445.2922
       455.2561
       465.2189
       475.1821
     -6476.4112
     -6497.1798
     -6518.8328
     -6541.8349
     -6565.5421
     -6588.6941
     -6611.0464
     -6632.9134
     -6654.3679
     -6675.4484
     -6696.1513
     -6716.4584
     -6736.3382
     -6755.7410
     -6774.5930
     -6792.8101
     -6810.3025
     -6826.9708
     -6842.7252
     -6857.4716
     -6871.0945
     -6883.4783
     -6894.5361
     -6904.1978
     -6912.3927
     -6919.0613
     -6924.1587
     -6927.6564
     -6929.5511
     -6929.8693
     -6928.6702
     -6926.0478
     -6922.1326
     -6917.0933
     -6911.1420
     -6904.5358
     -6897.5704
     -6890.5578
     -6883.7951
     -6877.5237
     -6871.8351
     -6866.6139
     -6866.5456
     -6867.5684
     -6865.5611
     -6863.7532
     -6861.4043
     -6859.0108

 Time[sec]=
   128816295.00000000     
         7.0611
        17.0570
        27.0435
        37.0176
        46.9810
        56.9383
        66.8926
        76.8441
        86.7923
        96.7372
       106.6792
       116.6185
       126.5556
       136.4911
       146.4255
       156.3593
       166.2932
       176.2278
       186.1639
       196.1018
       206.0422
       215.9851
       225.9309
       235.8799
       245.8319
       255.7872
       265.7455
       275.7068
       285.6707
       295.6368
       305.6047
       315.5739
       325.5441
       335.5148
       345.4857
       355.4567
       365.4279
       375.4000
       385.3742
       395.3520
       405.3351
       415.3233
       425.2967
       435.2504
       445.2085
       455.1716
       465.1336
       475.0960
     -6612.4292
     -6633.6057
     -6655.6860
     -6679.1465
     -6703.3314
     -6726.9524
     -6749.7565
     -6772.0649
     -6793.9526
     -6815.4588
     -6836.5797
     -6857.2966
     -6877.5772
     -6897.3707
     -6916.6015
     -6935.1841
     -6953.0268
     -6970.0283
     -6986.0965
     -7001.1353
     -7015.0270
     -7027.6541
     -7038.9276
     -7048.7757
     -7057.1263
     -7063.9186
     -7069.1067
     -7072.6618
     -7074.5806
     -7074.8898
     -7073.6503
     -7070.9577
     -7066.9454
     -7061.7856
     -7055.6950
     -7048.9359
     -7041.8103
     -7034.6365
     -7027.7183
     -7021.3019
     -7015.4808
     -7010.1373
     -7010.1351
     -7011.2506
     -7009.2336
     -7007.4367
     -7005.0705
     -7002.6567

 Time[sec]=
   131445135.00000000     
         7.0172
        17.0129
        26.9990
        36.9724
        46.9349
        56.8912
        66.8445
        76.7948
        86.7418
        96.6855
       106.6261
       116.5641
       126.4998
       136.4338
       146.3668
       156.2992
       166.2317
       176.1650
       186.0997
       196.0364
       205.9754
       215.9172
       225.8620
       235.8099
       245.7610
       255.7154
       265.6730
       275.6335
       285.5967
       295.5622
       305.5295
       315.4983
       325.4679
       335.4382
       345.4086
       355.3791
       365.3499
       375.3215
       385.2953
       395.2728
       405.2557
       415.2438
       425.2167
       435.1691
       445.1262
       455.0885
       465.0497
       475.0113
     -6748.3988
     -6769.9814
     -6792.4871
     -6816.4041
     -6841.0649
     -6865.1532
     -6888.4076
     -6911.1557
     -6933.4748
     -6955.4050
     -6976.9423
     -6998.0674
     -7018.7472
     -7038.9295
     -7058.5376
     -7077.4841
     -7095.6755
     -7113.0085
     -7129.3890
     -7144.7186
     -7158.8776
     -7171.7463
     -7183.2341
     -7193.2672
     -7201.7720
     -7208.6865
     -7213.9640
     -7217.5751
     -7219.5165
     -7219.8156
     -7218.5342
     -7215.7703
     -7211.6596
     -7206.3780
     -7200.1468
     -7193.2336
     -7185.9465
     -7178.6105
     -7171.5354
     -7164.9728
     -7159.0180
     -7153.5509
     -7153.6157
     -7154.8240
     -7152.7969
     -7151.0115
     -7148.6280
     -7146.1939

 Time[sec]=
   134073975.00000000     
         6.9723
        16.9679
        26.9536
        36.9263
        46.8879
        56.8432
        66.7953
        76.7445
        86.6903
        96.6327
       106.5721
       116.5086
       126.4430
       136.3756
       146.3071
       156.2381
       166.1692
       176.1011
       186.0345
       195.9699
       205.9077
       215.8483
       225.7920
       235.7389
       245.6891
       255.6426
       265.5994
       275.5592
       285.5217
       295.4866
       305.4534
       315.4216
       325.3908
       335.3605
       345.3304
       355.3004
       365.2708
       375.2420
       385.2154
       395.1925
       405.1753
       415.1633
       425.1355
       435.0867
       445.0428
       455.0044
       464.9648
       474.9256
     -6884.2822
     -6906.2704
     -6929.2011
     -6953.5742
     -6978.7107
     -7003.2661
     -7026.9706
     -7050.1581
     -7072.9084
     -7095.2623
     -7117.2158
     -7138.7489
     -7159.8275
     -7180.3986
     -7200.3837
     -7219.6939
     -7238.2338
     -7255.8981
     -7272.5907
     -7288.2110
     -7302.6372
     -7315.7476
     -7327.4494
     -7337.6675
     -7346.3265
     -7353.3632
     -7358.7301
     -7362.3973
     -7364.3614
     -7364.6504
     -7363.3274
     -7360.4921
     -7356.2832
     -7350.8801
     -7344.5085
     -7337.4414
     -7329.9930
     -7322.4949
     -7315.2632
     -7308.5546
     -7302.4663
     -7296.8759
     -7297.0098
     -7298.3125
     -7296.2761
     -7294.5043
     -7292.1049
     -7289.6520

 Time[sec]=
   136702815.00000000     
         6.9290
        16.9243
        26.9096
        36.8817
        46.8424
        56.7966
        66.7476
        76.6956
        86.6402
        96.5814
       106.5194
       116.4546
       126.3876
       136.3188
       146.2489
       156.1785
       166.1081
       176.0386
       185.9707
       195.9048
       205.8414
       215.7809
       225.7234
       235.6693
       245.6186
       255.5712
       265.5272
       275.4863
       285.4482
       295.4124
       305.3786
       315.3463
       325.3150
       335.2842
       345.2537
       355.2232
       365.1931
       375.1639
       385.1369
       395.1137
       405.0963
       415.0842
       425.0558
       435.0057
       444.9609
       454.9217
       464.8812
       474.8412
     -7020.1163
     -7042.5085
     -7065.8625
     -7090.6901
     -7116.3008
     -7141.3220
     -7165.4751
     -7189.1006
     -7212.2808
     -7235.0570
     -7257.4252
     -7279.3648
     -7300.8410
     -7321.7994
     -7342.1601
     -7361.8327
     -7380.7198
     -7398.7141
     -7415.7174
     -7431.6271
     -7446.3192
     -7459.6700
     -7471.5848
     -7481.9865
     -7490.7986
     -7497.9564
     -7503.4115
     -7507.1336
     -7509.1193
     -7509.3972
     -7508.0315
     -7505.1239
     -7500.8157
     -7495.2900
     -7488.7770
     -7481.5550
     -7473.9445
     -7466.2832
     -7458.8940
     -7452.0383
     -7445.8157
     -7440.1009
     -7440.3051
     -7441.7027
     -7439.6568
     -7437.8993
     -7435.4842
     -7433.0129

 Time[sec]=
   139331655.00000000     
         6.8850
        16.8802
        26.8651
        36.8365
        46.7962
        56.7494
        66.6993
        76.6462
        86.5895
        96.5295
       106.4662
       116.4000
       126.3316
       136.2614
       146.1900
       156.1182
       166.0464
       175.9755
       185.9062
       195.8390
       205.7744
       215.7127
       225.6542
       235.5991
       245.5474
       255.4992
       265.4544
       275.4127
       285.3740
       295.3376
       305.3033
       315.2704
       325.2386
       335.2073
       345.1763
       355.1454
       365.1148
       375.0851
       385.0577
       395.0343
       405.0166
       415.0045
       424.9754
       434.9240
       444.8782
       454.8382
       464.7969
       474.7562
     -7155.8681
     -7178.6635
     -7202.4401
     -7227.7216
     -7253.8058
     -7279.2924
     -7303.8937
     -7327.9567
     -7351.5662
     -7374.7642
     -7397.5466
     -7419.8922
     -7441.7654
     -7463.1106
     -7483.8465
     -7503.8810
     -7523.1148
     -7541.4387
     -7558.7523
     -7574.9510
     -7589.9086
     -7603.4994
     -7615.6268
     -7626.2119
     -7635.1767
     -7642.4553
     -7647.9984
     -7651.7753
     -7653.7824
     -7654.0490
     -7652.6404
     -7649.6603
     -7645.2528
     -7639.6044
     -7632.9499
     -7625.5730
     -7617.8002
     -7609.9757
     -7602.4289
     -7595.4262
     -7589.0690
     -7583.2299
     -7583.5060
     -7584.9994
     -7582.9446
     -7581.2031
     -7578.7733
     -7576.2848

 Time[sec]=
   141960495.00000000     
         6.8418
        16.8368
        26.8213
        36.7921
        46.7509
        56.7030
        66.6518
        76.5975
        86.5397
        96.4783
       106.4137
       116.3462
       126.2763
       136.2047
       146.1319
       156.0586
       165.9855
       175.9132
       185.8425
       195.7741
       205.7082
       215.6454
       225.5857
       235.5296
       245.4770
       255.4279
       265.3823
       275.3399
       285.3005
       295.2635
       305.2286
       315.1952
       325.1629
       335.1311
       345.0996
       355.0682
       365.0372
       375.0071
       384.9793
       394.9555
       404.9377
       414.9255
       424.8957
       434.8431
       444.7963
       454.7555
       464.7134
       474.6718
     -7291.5645
     -7314.7620
     -7338.9601
     -7364.6941
     -7391.2509
     -7417.2019
     -7442.2505
     -7466.7500
     -7490.7878
     -7514.4067
     -7537.6022
     -7560.3530
     -7582.6222
     -7604.3532
     -7625.4634
     -7645.8587
     -7665.4384
     -7684.0909
     -7701.7140
     -7718.2008
     -7733.4231
     -7747.2530
     -7759.5922
     -7770.3599
     -7779.4767
     -7786.8753
     -7792.5058
     -7796.3366
     -7798.3645
     -7798.6191
     -7797.1671
     -7794.1139
     -7789.6064
     -7783.8348
     -7777.0382
     -7769.5058
     -7761.5701
     -7753.5819
     -7745.8769
     -7738.7267
     -7732.2344
     -7726.2703
     -7726.6200
     -7728.2101
     -7726.1465
     -7724.4222
     -7721.9781
     -7719.4730

 Time[sec]=
   144589335.00000000     
         6.7988
        16.7936
        26.7777
        36.7477
        46.7056
        56.6567
        66.6044
        76.5489
        86.4899
        96.4272
       106.3613
       116.2924
       126.2211
       136.1481
       146.0739
       155.9992
       165.9246
       175.8509
       185.7789
       195.7091
       205.6421
       215.5781
       225.5173
       235.4602
       245.4066
       255.3567
       265.3103
       275.2672
       285.2271
       295.1895
       305.1540
       315.1201
       325.0873
       335.0550
       345.0230
       354.9912
       364.9596
       374.9291
       384.9009
       394.8769
       404.8588
       414.8465
       424.8161
       434.7622
       444.7144
       454.6728
       464.6299
       474.5875
     -7427.1851
     -7450.7836
     -7475.4020
     -7501.5877
     -7528.6161
     -7555.0307
     -7580.5258
     -7605.4610
     -7629.9263
     -7653.9651
     -7677.5730
     -7700.7280
     -7723.3924
     -7745.5085
     -7766.9921
     -7787.7476
     -7807.6722
     -7826.6527
     -7844.5845
     -7861.3586
     -7876.8449
     -7890.9133
     -7903.4635
     -7914.4133
     -7923.6814
     -7931.1995
     -7936.9166
     -7940.8010
     -7942.8491
     -7943.0913
     -7941.5952
     -7938.4685
     -7933.8606
     -7927.9653
     -7921.0263
     -7913.3380
     -7905.2390
     -7897.0868
     -7889.2231
     -7881.9249
     -7875.2972
     -7869.2079
     -7869.6322
     -7871.3193
     -7869.2470
     -7867.5411
     -7865.0835
     -7862.5627

 Time[sec]=
   147218175.00000000     
         6.7558
        16.7504
        26.7341
        36.7035
        46.6605
        56.6104
        66.5570
        76.5004
        86.4401
        96.3762
       106.3089
       116.2387
       126.1660
       136.0915
       146.0159
       155.9397
       165.8637
       175.7887
       185.7153
       195.6443
       205.5760
       215.5108
       225.4490
       235.3908
       245.3363
       255.2855
       265.2383
       275.1945
       285.1537
       295.1155
       305.0795
       315.0450
       325.0117
       334.9789
       344.9465
       354.9141
       364.8821
       374.8512
       384.8226
       394.7982
       404.7800
       414.7676
       424.7365
       434.6813
       444.6325
       454.5902
       464.5464
       474.5031
     -7562.7441
     -7586.7428
     -7611.7808
     -7638.4173
     -7665.9168
     -7692.7944
     -7718.7354
     -7744.1057
     -7768.9978
     -7793.4560
     -7817.4756
     -7841.0342
     -7864.0933
     -7886.5938
     -7908.4502
     -7929.5653
     -7949.8344
     -7969.1422
     -7987.3822
     -8004.4432
     -8020.1929
     -8034.4994
     -8047.2603
     -8058.3916
     -8067.8106
     -8075.4478
     -8081.2513
     -8085.1888
     -8087.2569
     -8087.4863
     -8085.9460
     -8082.7455
     -8078.0370
     -8072.0179
     -8064.9362
     -8057.0917
     -8048.8293
     -8040.5128
     -8032.4903
     -8025.0440
     -8018.2806
     -8012.0657
     -8012.5666
     -8014.3518
     -8012.2713
     -8010.5853
     -8008.1150
     -8005.5794

 Time[sec]=
   149847015.00000000     
         6.7135
        16.7079
        26.6912
        36.6599
        46.6160
        56.5649
        66.5103
        76.4525
        86.3910
        96.3259
       106.2573
       116.1856
       126.1115
       136.0356
       145.9586
       155.8809
       165.8035
       175.7271
       185.6524
       195.5800
       205.5105
       215.4441
       225.3812
       235.3220
       245.2666
       255.2149
       265.1669
       275.1224
       285.0810
       295.0422
       305.0056
       314.9706
       324.9367
       334.9035
       344.8705
       354.8377
       364.8053
       374.7739
       384.7449
       394.7202
       404.7018
       414.6893
       424.6576
       434.6010
       444.5512
       454.5081
       464.4634
       474.4194
     -7698.2329
     -7722.6305
     -7748.0868
     -7775.1729
     -7803.1422
     -7830.4819
     -7856.8679
     -7882.6722
     -7907.9901
     -7932.8665
     -7957.2968
     -7981.2580
     -8004.7106
     -8027.5946
     -8049.8228
     -8071.2964
     -8091.9090
     -8111.5432
     -8130.0904
     -8147.4374
     -8163.4497
     -8177.9932
     -8190.9639
     -8202.2759
     -8211.8450
     -8219.6005
     -8225.4896
     -8229.4795
     -8231.5667
     -8231.7827
     -8230.1975
     -8226.9226
     -8222.1127
     -8215.9691
     -8208.7441
     -8200.7429
     -8192.3164
     -8183.8350
     -8175.6532
     -8168.0580
     -8161.1584
     -8154.8174
     -8155.3958
     -8157.2791
     -8155.1901
     -8153.5251
     -8151.0425
     -8148.4927

 Time[sec]=
   152475855.00000000     
         6.6709
        16.6651
        26.6480
        36.6160
        46.5711
        56.5190
        66.4633
        76.4043
        86.3416
        96.2751
       106.2052
       116.1322
       126.0567
       135.9793
       145.9008
       155.8218
       165.7429
       175.6651
       185.5890
       195.5154
       205.4446
       215.3771
       225.3131
       235.2529
       245.1965
       255.1439
       265.0952
       275.0499
       285.0078
       294.9685
       304.9313
       314.8958
       324.8614
       334.8277
       344.7942
       354.7609
       364.7280
       374.6962
       384.6668
       394.6418
       404.6232
       414.6107
       424.5782
       434.5203
       444.4695
       454.4256
       464.3801
       474.3352
     -7833.6555
     -7858.4514
     -7884.3254
     -7911.8606
     -7940.2992
     -7968.1006
     -7994.9312
     -8021.1691
     -8046.9123
     -8072.2066
     -8097.0472
     -8121.4105
     -8145.2564
     -8168.5233
     -8191.1230
     -8212.9548
     -8233.9105
     -8253.8707
     -8272.7248
     -8290.3574
     -8306.6320
     -8321.4124
     -8334.5926
     -8346.0851
     -8355.8041
     -8363.6777
     -8369.6523
     -8373.6944
     -8375.8007
     -8376.0031
     -8374.3730
     -8371.0235
     -8366.1124
     -8359.8442
     -8352.4759
     -8344.3180
     -8335.7274
     -8327.0810
     -8318.7399
     -8310.9959
     -8303.9600
     -8297.4929
     -8298.1506
     -8300.1330
     -8298.0362
     -8296.3937
     -8293.8997
     -8291.3368

 Time[sec]=
   155104695.00000000     
         6.6292
        16.6232
        26.6057
        36.5730
        46.5272
        56.4739
        66.4171
        76.3570
        86.2930
        96.2253
       106.1540
       116.0796
       126.0027
       135.9239
       145.8440
       155.7635
       165.6832
       175.6040
       185.5266
       195.4516
       205.3796
       215.3109
       225.2458
       235.1846
       245.1272
       255.0738
       265.0243
       274.9783
       284.9356
       294.8956
       304.8578
       314.8218
       324.7869
       334.7527
       344.7188
       354.6850
       364.6516
       374.6193
       384.5895
       394.5642
       404.5454
       414.5328
       424.4997
       434.4404
       444.3886
       454.3439
       464.2975
       474.2518
     -7969.0114
     -7994.2043
     -8020.4946
     -8048.4776
     -8077.3844
     -8105.6465
     -8132.9205
     -8159.5909
     -8185.7584
     -8211.4694
     -8236.7192
     -8261.4836
     -8285.7215
     -8309.3704
     -8332.3404
     -8354.5294
     -8375.8271
     -8396.1123
     -8415.2723
     -8433.1896
     -8449.7254
     -8464.7417
     -8478.1305
     -8489.8025
     -8499.6705
     -8507.6614
     -8513.7205
     -8517.8141
     -8519.9387
     -8520.1268
     -8518.4509
     -8515.0262
     -8510.0130
     -8503.6195
     -8496.1072
     -8487.7919
     -8479.0366
     -8470.2247
     -8461.7234
     -8453.8300
     -8446.6571
     -8440.0633
     -8440.8011
     -8442.8826
     -8440.7777
     -8439.1586
     -8436.6535
     -8434.0780

 Time[sec]=
   157733535.00000000     
         6.5871
        16.5809
        26.5630
        36.5297
        46.4829
        56.4285
        66.3706
        76.3093
        86.2441
        96.1751
       106.1024
       116.0267
       125.9483
       135.8681
       145.7867
       155.7047
       165.6231
       175.5424
       185.4637
       195.3874
       205.3142
       215.2443
       225.1781
       235.1158
       245.0576
       255.0033
       264.9530
       274.9063
       284.8629
       294.8223
       304.7839
       314.7474
       324.7120
       334.6773
       344.6429
       354.6086
       364.5748
       374.5420
       384.5119
       394.4863
       404.4673
       414.4546
       424.4207
       434.3601
       444.3073
       454.2618
       464.2146
       474.1680
     -8104.2987
     -8129.8880
     -8156.5940
     -8185.0242
     -8214.3989
     -8243.1212
     -8270.8384
     -8297.9410
     -8324.5323
     -8350.6597
     -8376.3182
     -8401.4833
     -8426.1129
     -8450.1434
     -8473.4834
     -8496.0292
     -8517.6687
     -8538.2786
     -8557.7442
     -8575.9458
     -8592.7427
     -8607.9947
     -8621.5918
     -8633.4432
     -8643.4601
     -8651.5681
     -8657.7117
     -8661.8567
     -8663.9995
     -8664.1732
     -8662.4515
     -8658.9516
     -8653.8364
     -8647.3177
     -8639.6614
     -8631.1887
     -8622.2687
     -8613.2912
     -8604.6299
     -8596.5872
     -8589.2773
     -8582.5568
     -8583.3764
     -8585.5577
     -8583.4451
     -8581.8510
     -8579.3357
     -8576.7488

 Time[sec]=
   160362375.00000000     
         6.5457
        16.5394
        26.5211
        36.4870
        46.4393
        56.3839
        66.3248
        76.2623
        86.1958
        96.1255
       106.0515
       115.9744
       125.8946
       135.8130
       145.7301
       155.6467
       165.5636
       175.4816
       185.4015
       195.3239
       205.2494
       215.1784
       225.1111
       235.0478
       244.9886
       254.9335
       264.8823
       274.8349
       284.7908
       294.7496
       304.7107
       314.6736
       324.6377
       334.6025
       344.5677
       354.5329
       364.4986
       374.4654
       384.4349
       394.4090
       404.3898
       414.3770
       424.3425
       434.2805
       444.2266
       454.1803
       464.1322
       474.0848
     -8239.5214
     -8265.5059
     -8292.6265
     -8321.5027
     -8351.3440
     -8380.5258
     -8408.6852
     -8436.2188
     -8463.2330
     -8489.7757
     -8515.8420
     -8541.4067
     -8566.4270
     -8590.8381
     -8614.5471
     -8637.4487
     -8659.4289
     -8680.3626
     -8700.1329
     -8718.6180
     -8735.6750
     -8751.1617
     -8764.9664
     -8776.9964
     -8787.1613
     -8795.3857
     -8801.6130
     -8805.8085
     -8807.9688
     -8808.1275
     -8806.3593
     -8802.7834
     -8797.5656
     -8790.9210
     -8783.1201
     -8774.4895
     -8765.4041
     -8756.2605
     -8747.4386
     -8739.2458
     -8731.7984
     -8724.9505
     -8725.8529
     -8728.1341
     -8726.0137
     -8724.4454
     -8721.9203
     -8719.3224
