-0.075509 -0.00175653
-0.0655153 -0.00199316
-0.0555234 -0.00222588
-0.0455329 -0.00245157
-0.035543 -0.0026679
-0.0255516 -0.00287485
-0.0155584 -0.00307531
-0.00556699 -0.00326849
0.00442377 -0.00345142
0.0144151 -0.00362355
0.0244071 -0.00378507
0.0343999 -0.00393614
0.0443937 -0.00407702
0.0543888 -0.00420794
0.0643854 -0.00432925
0.0743837 -0.00444143
0.084384 -0.0045449
0.0943863 -0.00464009
0.104391 -0.00472743
0.114397 -0.00480734
0.124406 -0.00488029
0.134418 -0.00494668
0.144431 -0.00500686
0.154447 -0.00506122
0.164465 -0.00511012
0.174485 -0.00515391
0.184508 -0.00519292
0.194532 -0.00522747
0.204558 -0.00525783
0.214586 -0.00528423
0.224616 -0.00530692
0.234647 -0.00532612
0.24468 -0.00534212
0.254715 -0.00535503
0.264751 -0.00536506
0.274788 -0.00537239
0.284827 -0.00537715
0.294867 -0.00537949
0.304909 -0.00537956
0.314951 -0.00537748
0.324995 -0.00537338
0.335039 -0.00536728
0.345085 -0.0053593
0.355132 -0.00534955
0.36518 -0.00533807
0.375228 -0.00532496
0.385278 -0.00531028
0.395329 -0.00529411
0.40538 -0.00527653
0.415433 -0.0052576
0.425486 -0.00523728
0.43554 -0.00521564
0.445595 -0.00519279
0.455652 -0.00516876
0.465708 -0.00514356
0.475766 -0.00511722
0.485825 -0.00508981
0.495885 -0.00506138
0.505945 -0.00503198
0.516006 -0.00500164
0.526068 -0.00497042
0.536131 -0.00493835
0.546195 -0.00490542
0.55626 -0.0048717
0.566325 -0.00483719
0.576392 -0.00480194
0.586459 -0.00476607
0.596527 -0.00472961
0.606596 -0.00469255
0.616666 -0.00465494
0.626736 -0.00461686
0.636808 -0.00457834
0.64688 -0.00453941
0.656953 -0.00450009
0.667027 -0.00446039
0.677101 -0.00442038
0.687177 -0.00438013
0.697253 -0.00433966
0.707329 -0.004299
0.717407 -0.00425823
0.727485 -0.00421741
0.737564 -0.00417655
0.747644 -0.0041356
0.757724 -0.0040946
0.767805 -0.00405357
0.777887 -0.0040126
0.787969 -0.00397165
0.798052 -0.00393076
0.808135 -0.00388997
0.818219 -0.0038493
0.828304 -0.00380875
0.838389 -0.00376832
0.848475 -0.00372804
0.858562 -0.00368791
0.868649 -0.00364794
0.878736 -0.00360816
0.888825 -0.00356857
0.898913 -0.0035292
0.909002 -0.00349008
0.919092 -0.00345121
0.929182 -0.00341257
0.939273 -0.00337419
0.949364 -0.00333609
0.959456 -0.00329828
0.969548 -0.00326075
0.97964 -0.0032235
0.989733 -0.00318657
0.999826 -0.00314997
1.00992 -0.00311369
1.02001 -0.00307771
1.03011 -0.00304208
1.0402 -0.00300679
1.0503 -0.00297184
1.06039 -0.00293724
1.07049 -0.002903
1.08058 -0.00286911
1.09068 -0.00283557
1.10078 -0.00280237
1.11087 -0.00276952
1.12097 -0.00273703
1.13107 -0.0027049
1.14117 -0.00267313
1.15127 -0.00264172
1.16136 -0.00261064
1.17146 -0.00257993
1.18156 -0.00254959
1.19166 -0.00251958
1.20176 -0.00248992
1.21186 -0.00246059
1.22196 -0.00243159
1.23206 -0.00240295
1.24216 -0.00237465
1.25227 -0.00234666
1.26237 -0.00231899
1.27247 -0.00229163
1.28257 -0.0022646
1.29267 -0.00223792
1.30278 -0.00221158
1.31288 -0.00218556
1.32298 -0.00215986
1.33309 -0.00213446
1.34319 -0.00210935
1.3533 -0.00208453
1.3634 -0.00206004
1.3735 -0.00203584
1.38361 -0.00201193
1.39371 -0.0019883
1.40382 -0.00196494
1.41392 -0.00194185
1.42403 -0.00191902
1.43414 -0.00189643
1.44424 -0.00187409
1.45435 -0.001852
1.46445 -0.00183012
1.47456 -0.00180844
1.48467 -0.00178697
1.49477 -0.00176574
1.50488 -0.00174469
1.51499 -0.00172381
1.52509 -0.00170311
1.5352 -0.00168257
1.54531 -0.00166222
1.55542 -0.00164204
1.56553 -0.00162199
1.57563 -0.00160208
1.58574 -0.00158234
1.59585 -0.00156276
1.60596 -0.00154334
1.61607 -0.00152405
1.62618 -0.00150492
1.63629 -0.00148596
1.6464 -0.00146717
1.65651 -0.00144853
1.66662 -0.00143006
1.67673 -0.0014118
1.68684 -0.00139372
1.69696 -0.0013758
1.70707 -0.00135811
1.71718 -0.00134061
1.72729 -0.0013233
1.73741 -0.00130621
1.74752 -0.00128936
1.75763 -0.00127273
1.76775 -0.00125632
1.77786 -0.00124012
1.78798 -0.00122418
1.79809 -0.00120847
1.80821 -0.00119301
1.81832 -0.00117781
1.82844 -0.00116289
1.83855 -0.00114822
1.84867 -0.00113381
1.85879 -0.00111967
1.8689 -0.00110579
1.87902 -0.00109215
1.88914 -0.00107876
1.89925 -0.0010656
1.90937 -0.00105264
1.91949 -0.00103992
1.92961 -0.00102747
1.93972 -0.00101526
1.94984 -0.00100326
1.95996 -0.000991436
1.97008 -0.000979805
1.9802 -0.000968361
1.99031 -0.000957064
2.00043 -0.000945931
2.01055 -0.000934982
2.02067 -0.0009242
2.03079 -0.000913579
2.04091 -0.000903085
2.05103 -0.00089273
2.06115 -0.000882528
2.07127 -0.000872465
2.08139 -0.0008625
2.09151 -0.000852632
2.10163 -0.000842889
2.11175 -0.000833288
2.12187 -0.000823809
2.13199 -0.000814447
2.14211 -0.000805182
2.15223 -0.000796013
2.16236 -0.000786977
2.17248 -0.000778064
2.1826 -0.000769289
2.19272 -0.000760637
2.20284 -0.000752107
2.21297 -0.000743724
2.22309 -0.000735495
2.23321 -0.000727439
2.24333 -0.000719537
2.25346 -0.000711772
2.26358 -0.000704181
2.2737 -0.000696771
2.28382 -0.000689558
2.29395 -0.000682543
2.30407 -0.000675739
2.31419 -0.000669149
2.32432 -0.000662744
2.33444 -0.00065653
2.34456 -0.000650509
2.35469 -0.000644712
2.36481 -0.000639162
2.37493 -0.000633831
2.38506 -0.000628707
2.39518 -0.000623803
2.4053 -0.000619132
2.41543 -0.000614689
2.42555 -0.000610445
2.43567 -0.000606407
2.4458 -0.000602576
2.45592 -0.000598948
2.46604 -0.000595523
2.47617 -0.000592292
2.48629 -0.000589261
2.49641 -0.00058641
2.50654 -0.000583717
2.51666 -0.000581184
2.52678 -0.000578809
2.53691 -0.000576595
2.54703 -0.000574556
2.55715 -0.000572645
2.56727 -0.000570878
2.5774 -0.000569272
2.58752 -0.000567767
2.59764 -0.000566369
2.60776 -0.000565092
2.61789 -0.000563925
2.62801 -0.000562836
2.63813 -0.000561855
2.64825 -0.000561015
2.65837 -0.000560275
2.6685 -0.000559625
2.67862 -0.000559056
2.68874 -0.00055852
2.69886 -0.000558029
2.70898 -0.00055763
2.71911 -0.000557319
2.72923 -0.000557057
2.73935 -0.000556815
2.74947 -0.000556611
2.75959 -0.000556474
2.76971 -0.000556401
2.77984 -0.000556386
2.78996 -0.000556425
2.80008 -0.000556504
2.8102 -0.000556615
2.82032 -0.000556775
2.83044 -0.000556983
2.84056 -0.000557203
2.85068 -0.000557448
2.86081 -0.000557742
2.87093 -0.00055804
2.88105 -0.000558343
2.89117 -0.000558683
2.90129 -0.000559037
2.91141 -0.000559404
2.92153 -0.000559782
2.93165 -0.000560148
2.94177 -0.000560514
2.95189 -0.000560893
2.96202 -0.000561305
2.97214 -0.000561731
2.98226 -0.000562151
2.99238 -0.000562556
3.0025 -0.000562945
3.01262 -0.00056336
3.02274 -0.000563783
3.03286 -0.000564174
3.04298 -0.000564578
3.0531 -0.000564984
3.06322 -0.000565342
3.07334 -0.000565695
3.08346 -0.000566071
3.09358 -0.000566441
3.1037 -0.000566791
3.11383 -0.000567144
3.12395 -0.000567519
3.13407 -0.000567893
3.14419 -0.000568237
3.15431 -0.00056855
3.16443 -0.000568866
3.17455 -0.000569195
3.18467 -0.000569512
3.19479 -0.000569815
3.20491 -0.00057009
3.21503 -0.000570333
3.22515 -0.000570567
3.23527 -0.000570803
3.24539 -0.00057104
3.25551 -0.000571261
3.26563 -0.000571478
3.27575 -0.00057169
3.28587 -0.000571853
3.29599 -0.000572008
3.30611 -0.000572195
3.31623 -0.000572374
3.32635 -0.000572536
3.33647 -0.000572686
3.34659 -0.000572798
3.35671 -0.000572889
3.36683 -0.000572985
3.37695 -0.000573086
3.38707 -0.000573183
3.39719 -0.000573253
3.40732 -0.000573299
3.41744 -0.000573341
3.42756 -0.000573373
3.43768 -0.000573403
3.4478 -0.000573421
3.45792 -0.000573428
3.46804 -0.00057342
3.47816 -0.000573391
3.48828 -0.00057337
3.4984 -0.000573343
3.50852 -0.000573305
3.51864 -0.000573257
3.52876 -0.000573192
3.53888 -0.000573141
3.549 -0.000573097
3.55912 -0.000573043
3.56924 -0.000573
3.57936 -0.000572951
3.58948 -0.000572904
3.5996 -0.000572865
3.60972 -0.000572816
3.61984 -0.000572767
3.62996 -0.000572716
3.64008 -0.000572653
3.6502 -0.000572571
3.66032 -0.000572464
3.67044 -0.000572357
3.68056 -0.000572237
3.69068 -0.000572093
3.7008 -0.000571961
3.71092 -0.000571857
3.72105 -0.000571764
3.73117 -0.00057167
3.74129 -0.00057158
3.75141 -0.000571489
3.76153 -0.000571387
3.77165 -0.000571289
3.78177 -0.000571204
3.79189 -0.000571111
3.80201 -0.000571013
3.81213 -0.000570922
3.82225 -0.000570829
3.83237 -0.000570735
3.84249 -0.000570643
3.85261 -0.000570547
3.86273 -0.000570465
3.87285 -0.000570386
3.88297 -0.000570297
3.89309 -0.000570224
3.90321 -0.000570154
3.91333 -0.000570079
3.92345 -0.00056999
3.93357 -0.0005699
3.94369 -0.000569834
3.95381 -0.000569768
3.96393 -0.0005697
3.97405 -0.000569633
3.98417 -0.000569568
3.99429 -0.000569509
4.00441 -0.000569449
4.01453 -0.000569388
4.02466 -0.000569343
4.03478 -0.000569311
4.0449 -0.000569277
4.05502 -0.000569244
4.06514 -0.000569216
4.07526 -0.0005692
4.08538 -0.000569187
4.0955 -0.000569169
4.10562 -0.000569158
4.11574 -0.000569147
4.12586 -0.000569131
4.13598 -0.000569106
4.1461 -0.000569086
4.15622 -0.000569078
4.16634 -0.00056907
4.17646 -0.000569069
4.18658 -0.00056907
4.1967 -0.000569073
4.20682 -0.000569077
4.21694 -0.000569082
4.22706 -0.000569083
4.23718 -0.000569087
4.2473 -0.000569098
4.25742 -0.000569112
4.26754 -0.00056912
4.27766 -0.000569121
4.28779 -0.000569131
4.2979 -0.000569152
4.30803 -0.000569173
4.31815 -0.000569191
4.32827 -0.000569215
4.33839 -0.000569251
4.34851 -0.000569291
4.35863 -0.000569319
4.36875 -0.000569338
4.37887 -0.000569362
4.38899 -0.000569389
4.39911 -0.000569421
4.40923 -0.000569458
4.41935 -0.000569492
4.42947 -0.000569524
4.43959 -0.000569555
4.44971 -0.000569586
4.45983 -0.000569617
4.46995 -0.00056965
4.48007 -0.000569686
4.49019 -0.000569721
4.50031 -0.000569753
4.51043 -0.00056979
4.52055 -0.000569825
4.53067 -0.000569852
4.54079 -0.000569882
4.55091 -0.000569914
4.56103 -0.000569954
4.57115 -0.000570001
4.58127 -0.000570043
4.59139 -0.000570071
4.60151 -0.000570093
4.61164 -0.000570125
4.62176 -0.000570159
4.63188 -0.000570189
4.642 -0.000570223
4.65212 -0.00057026
4.66224 -0.000570294
4.67236 -0.000570332
4.68248 -0.000570369
4.6926 -0.000570398
4.70272 -0.000570423
4.71284 -0.000570453
4.72296 -0.00057049
4.73308 -0.000570532
4.7432 -0.000570571
4.75332 -0.000570603
4.76344 -0.000570631
4.77356 -0.000570663
4.78368 -0.000570697
4.7938 -0.000570728
4.80392 -0.000570757
4.81404 -0.000570787
4.82416 -0.000570819
4.83428 -0.000570856
4.8444 -0.000570893
4.85452 -0.00057093
4.86464 -0.000570968
4.87476 -0.000570997
4.88488 -0.000571021
4.895 -0.000571041
4.90512 -0.000571056
4.91524 -0.000571073
4.92536 -0.000571096
4.93548 -0.000571113
4.9456 -0.00057113
4.95572 -0.00057115
4.96584 -0.00057116
4.97596 -0.000571166
4.98608 -0.000571182
4.99621 -0.000571202
5.00633 -0.000571211
5.01645 -0.000571207
5.02657 -0.000571205
5.03669 -0.000571212
5.04681 -0.000571221
5.05693 -0.000571225
5.06705 -0.000571214
5.07717 -0.000571205
5.08729 -0.000571204
5.09741 -0.000571195
5.10753 -0.000571186
5.11765 -0.000571185
5.12777 -0.000571178
5.13789 -0.000571165
5.14801 -0.000571151
5.15813 -0.00057114
5.16825 -0.000571131
5.17837 -0.000571114
5.18849 -0.000571091
5.19861 -0.000571069
5.20873 -0.000571054
5.21885 -0.00057104
5.22897 -0.000571027
5.23909 -0.000571013
5.24921 -0.000570994
5.25933 -0.000570971
5.26945 -0.000570945
5.27957 -0.000570921
5.28969 -0.000570901
5.29981 -0.000570882
5.30993 -0.00057087
5.32005 -0.000570859
5.33017 -0.000570846
5.34029 -0.000570831
5.35041 -0.00057081
5.36053 -0.000570788
5.37065 -0.000570769
5.38077 -0.000570744
5.39089 -0.000570718
5.40101 -0.000570692
5.41113 -0.000570673
5.42125 -0.000570658
5.43138 -0.000570639
5.44149 -0.000570621
5.45162 -0.000570605
5.46174 -0.000570586
5.47186 -0.000570562
5.48198 -0.000570541
5.4921 -0.000570521
5.50222 -0.000570499
5.51234 -0.000570478
5.52246 -0.000570457
5.53258 -0.00057044
5.5427 -0.000570427
5.55282 -0.000570408
5.56294 -0.000570384
5.57306 -0.00057036
5.58318 -0.000570342
5.5933 -0.000570327
5.60342 -0.000570309
5.61354 -0.000570291
5.62366 -0.00057027
5.63378 -0.00057025
5.6439 -0.000570234
5.65402 -0.000570218
5.66414 -0.000570203
5.67426 -0.000570181
5.68438 -0.000570161
5.6945 -0.000570146
5.70462 -0.000570135
5.71474 -0.000570123
5.72486 -0.000570107
5.73498 -0.000570089
5.7451 -0.000570075
5.75522 -0.000570063
5.76534 -0.000570049
5.77546 -0.000570032
5.78558 -0.00057002
5.7957 -0.00057001
5.80582 -0.000570001
5.81594 -0.000569992
5.82606 -0.000569981
5.83618 -0.000569967
5.8463 -0.000569951
5.85642 -0.000569937
5.86654 -0.00056993
5.87666 -0.000569923
5.88678 -0.000569914
5.8969 -0.000569903
5.90702 -0.000569895
5.91714 -0.000569889
5.92726 -0.000569878
5.93738 -0.000569866
5.9475 -0.000569855
5.95762 -0.000569842
5.96775 -0.000569824
5.97787 -0.000569808
5.98799 -0.000569794
5.99811 -0.000569783
6.00823 -0.000569775
6.01835 -0.000569766
6.02847 -0.000569755
6.03859 -0.000569744
6.04871 -0.000569736
6.05883 -0.00056973
6.06895 -0.000569726
6.07907 -0.000569722
6.08919 -0.000569719
6.09931 -0.000569717
6.10943 -0.000569716
6.11955 -0.00056971
6.12967 -0.000569703
6.13979 -0.000569699
6.14991 -0.000569696
6.16003 -0.000569696
6.17015 -0.000569698
6.18027 -0.000569696
6.19039 -0.000569693
6.20051 -0.000569693
6.21063 -0.000569694
6.22075 -0.000569696
6.23087 -0.000569697
6.24099 -0.000569701
6.25111 -0.000569706
6.26123 -0.000569706
6.27135 -0.000569704
6.28147 -0.000569706
6.29159 -0.000569709
6.30171 -0.000569711
6.31183 -0.000569716
6.32195 -0.000569722
6.33207 -0.000569726
6.34219 -0.000569734
6.35231 -0.000569744
6.36243 -0.000569755
6.37255 -0.000569762
6.38267 -0.000569767
6.39279 -0.000569774
6.40291 -0.000569782
6.41303 -0.000569791
6.42315 -0.000569802
6.43327 -0.000569813
6.44339 -0.000569823
6.45351 -0.00056983
6.46363 -0.000569837
6.47375 -0.000569844
6.48387 -0.000569852
6.49399 -0.000569863
6.50411 -0.000569874
6.51423 -0.000569883
6.52435 -0.000569892
6.53447 -0.000569901
6.54459 -0.000569905
6.55471 -0.000569909
6.56483 -0.000569917
6.57495 -0.000569925
6.58507 -0.000569932
6.59519 -0.000569935
6.60531 -0.000569935
6.61544 -0.000569936
6.62556 -0.00056994
6.63568 -0.000569942
6.6458 -0.000569941
6.65592 -0.000569936
6.66604 -0.000569931
6.67616 -0.000569928
6.68628 -0.000569928
6.6964 -0.000569927
6.70652 -0.000569923
6.71664 -0.000569913
6.72676 -0.000569902
6.73688 -0.000569891
6.747 -0.000569878
6.75712 -0.000569865
6.76724 -0.000569854
6.77736 -0.000569847
6.78748 -0.000569842
6.7976 -0.000569833
6.80772 -0.000569823
6.81784 -0.000569813
6.82796 -0.0005698
6.83808 -0.000569789
6.8482 -0.000569777
6.85832 -0.000569765
6.86844 -0.000569753
6.87856 -0.000569739
6.88868 -0.000569726
6.8988 -0.000569718
6.90892 -0.000569714
6.91904 -0.00056971
6.92916 -0.000569707
6.93928 -0.000569702
6.9494 -0.000569699
6.95952 -0.000569698
6.96964 -0.000569693
6.97976 -0.000569684
6.98988 -0.000569681
7 -0.000569681
