-0.00851137 -0.00450716
0.00148555 -0.00452918
0.0114823 -0.00455028
0.0214789 -0.00457014
0.0314755 -0.00458867
0.0414721 -0.0046058
0.0514689 -0.00462151
0.0614657 -0.00463578
0.0714625 -0.00464866
0.0814595 -0.00466021
0.0914565 -0.00467041
0.101454 -0.00467931
0.111451 -0.00468695
0.121448 -0.00469331
0.131446 -0.00469841
0.141444 -0.00470233
0.151442 -0.0047051
0.16144 -0.00470673
0.171438 -0.00470724
0.181437 -0.00470668
0.191435 -0.00470513
0.201434 -0.00470263
0.211434 -0.00469918
0.221433 -0.00469483
0.231433 -0.00468961
0.241433 -0.00468357
0.251433 -0.00467675
0.261434 -0.0046692
0.271434 -0.00466092
0.281435 -0.00465194
0.291436 -0.00464225
0.301437 -0.00463188
0.311439 -0.00462092
0.32144 -0.00460934
0.331442 -0.00459714
0.341444 -0.00458439
0.351446 -0.00457106
0.361448 -0.0045572
0.37145 -0.00454282
0.381452 -0.00452796
0.391455 -0.00451265
0.401458 -0.00449683
0.411461 -0.00448051
0.421463 -0.00446376
0.431467 -0.00444654
0.44147 -0.00442889
0.451473 -0.00441081
0.461477 -0.00439233
0.47148 -0.00437348
0.481484 -0.00435427
0.491488 -0.00433462
0.501492 -0.00431455
0.511496 -0.00429415
0.5215 -0.00427339
0.531504 -0.00425225
0.541509 -0.00423074
0.551513 -0.00420887
0.561518 -0.00418668
0.571523 -0.00416417
0.581528 -0.00414135
0.591533 -0.00411826
0.601538 -0.00409487
0.611543 -0.00407115
0.621549 -0.00404715
0.631555 -0.00402282
0.64156 -0.00399819
0.651566 -0.00397333
0.661572 -0.00394826
0.671578 -0.00392292
0.681584 -0.00389733
0.691591 -0.00387153
0.701597 -0.00384554
0.711604 -0.00381934
0.721611 -0.00379291
0.731618 -0.00376623
0.741625 -0.00373935
0.751632 -0.00371231
0.761639 -0.00368508
0.771646 -0.00365769
0.781654 -0.00363018
0.791662 -0.00360259
0.801669 -0.0035749
0.811677 -0.00354706
0.821685 -0.00351906
0.831693 -0.00349094
0.841702 -0.00346273
0.85171 -0.00343441
0.861718 -0.00340598
0.871727 -0.00337749
0.881736 -0.00334894
0.891744 -0.00332032
0.901753 -0.00329162
0.911762 -0.00326286
0.921771 -0.00323404
0.931781 -0.00320515
0.94179 -0.00317621
0.9518 -0.00314723
0.961809 -0.00311823
0.971819 -0.00308921
0.981828 -0.00306019
0.991838 -0.00303114
1.00185 -0.00300207
1.01186 -0.002973
1.02187 -0.00294395
1.03188 -0.00291489
1.04189 -0.00288584
1.0519 -0.0028568
1.06191 -0.0028278
1.07192 -0.00279883
1.08193 -0.00276985
1.09194 -0.00274093
1.10195 -0.00271206
1.11196 -0.00268321
1.12197 -0.00265443
1.13199 -0.00262571
1.142 -0.00259705
1.15201 -0.00256843
1.16202 -0.00253987
1.17203 -0.00251138
1.18204 -0.00248295
1.19205 -0.00245461
1.20206 -0.00242635
1.21208 -0.00239817
1.22209 -0.00237007
1.2321 -0.00234206
1.24211 -0.00231416
1.25212 -0.00228634
1.26214 -0.00225861
1.27215 -0.00223097
1.28216 -0.00220343
1.29217 -0.002176
1.30218 -0.00214868
1.3122 -0.00212146
1.32221 -0.00209433
1.33222 -0.00206728
1.34223 -0.00204037
1.35225 -0.0020136
1.36226 -0.00198697
1.37227 -0.00196046
1.38229 -0.00193408
1.3923 -0.00190782
1.40231 -0.00188166
1.41232 -0.00185563
1.42234 -0.00182975
1.43235 -0.00180402
1.44236 -0.00177841
1.45238 -0.00175295
1.46239 -0.00172761
1.4724 -0.00170242
1.48242 -0.00167737
1.49243 -0.00165246
1.50244 -0.00162769
1.51246 -0.00160308
1.52247 -0.00157861
1.53248 -0.00155426
1.5425 -0.00153007
1.55251 -0.00150607
1.56253 -0.0014822
1.57254 -0.00145847
1.58255 -0.00143489
1.59257 -0.00141146
1.60258 -0.0013882
1.61259 -0.0013651
1.62261 -0.00134213
1.63262 -0.00131931
1.64264 -0.00129666
1.65265 -0.00127418
1.66267 -0.00125186
1.67268 -0.00122969
1.68269 -0.00120768
1.69271 -0.00118586
1.70272 -0.00116421
1.71274 -0.00114271
1.72275 -0.0011214
1.73277 -0.00110029
1.74278 -0.00107936
1.7528 -0.0010586
1.76281 -0.00103803
1.77283 -0.00101766
1.78284 -0.000997456
1.79286 -0.000977446
1.80287 -0.000957656
1.81289 -0.000938057
1.8229 -0.00091863
1.83292 -0.00089939
1.84293 -0.000880352
1.85295 -0.000861512
1.86296 -0.000842865
1.87298 -0.000824441
1.88299 -0.000806241
1.89301 -0.000788238
1.90302 -0.000770446
1.91304 -0.000752879
1.92305 -0.000735525
1.93307 -0.000718382
1.94308 -0.000701436
1.9531 -0.000684688
1.96312 -0.000668117
1.97313 -0.000651763
1.98315 -0.000635661
1.99316 -0.000619789
2.00318 -0.000604117
2.01319 -0.000588635
2.02321 -0.000573354
2.03323 -0.000558279
2.04324 -0.000543377
2.05326 -0.000528674
2.06327 -0.000514194
2.07329 -0.000499929
2.08331 -0.000485879
2.09332 -0.000472014
2.10334 -0.000458355
2.11335 -0.000444918
2.12337 -0.000431696
2.13339 -0.000418649
2.1434 -0.00040578
2.15342 -0.000393121
2.16343 -0.000380691
2.17345 -0.000368469
2.18347 -0.000356452
2.19348 -0.000344617
2.2035 -0.000332964
2.21351 -0.000321527
2.22353 -0.000310293
2.23355 -0.000299273
2.24356 -0.000288448
2.25358 -0.000277812
2.26359 -0.000267385
2.27361 -0.000257165
2.28363 -0.000247168
2.29364 -0.000237367
2.30366 -0.000227736
2.31367 -0.000218306
2.32369 -0.000209078
2.33371 -0.000200061
2.34372 -0.000191248
2.35374 -0.000182647
2.36376 -0.000174254
2.37377 -0.000166037
2.38379 -0.000157996
2.3938 -0.000150129
2.40382 -0.000142464
2.41384 -0.000135023
2.42385 -0.000127778
2.43387 -0.000120711
2.44388 -0.000113839
2.4539 -0.000107174
2.46392 -0.000100712
2.47393 -9.4425e-05
2.48395 -8.83232e-05
2.49396 -8.24081e-05
2.50398 -7.66806e-05
2.514 -7.1141e-05
2.52401 -6.57853e-05
2.53403 -6.06232e-05
2.54404 -5.56371e-05
2.55406 -5.08077e-05
2.56408 -4.61408e-05
2.57409 -4.16386e-05
2.58411 -3.73079e-05
2.59412 -3.31661e-05
2.60414 -2.91679e-05
2.61415 -2.53346e-05
2.62417 -2.16866e-05
2.63419 -1.81671e-05
2.6442 -1.47819e-05
2.65422 -1.15518e-05
2.66423 -8.4658e-06
2.67425 -5.49534e-06
2.68426 -2.67396e-06
2.69428 -3.55708e-08
2.70429 2.45655e-06
2.71431 4.81198e-06
2.72432 7.03827e-06
2.73434 9.18052e-06
2.74435 1.12264e-05
2.75437 1.31265e-05
2.76438 1.48818e-05
2.7744 1.65311e-05
2.78441 1.81036e-05
2.79443 1.95797e-05
2.80444 2.09284e-05
2.81446 2.21516e-05
2.82447 2.32551e-05
2.83449 2.4241e-05
2.8445 2.51254e-05
2.85452 2.59137e-05
2.86453 2.65903e-05
2.87455 2.71532e-05
2.88456 2.76412e-05
2.89458 2.80403e-05
2.90459 2.83269e-05
2.91461 2.85452e-05
2.92462 2.86958e-05
2.93464 2.87462e-05
2.94465 2.87197e-05
2.95466 2.86182e-05
2.96468 2.84445e-05
2.97469 2.82212e-05
2.98471 2.7938e-05
2.99472 2.75812e-05
3.00474 2.71317e-05
3.01475 2.66103e-05
3.02477 2.60369e-05
3.03478 2.54227e-05
3.04479 2.4769e-05
3.05481 2.40354e-05
3.06482 2.32403e-05
3.07484 2.24241e-05
3.08485 2.15443e-05
3.09486 2.06117e-05
3.10488 1.96785e-05
3.11489 1.87027e-05
3.12491 1.76571e-05
3.13492 1.65724e-05
3.14493 1.54635e-05
3.15495 1.4308e-05
3.16496 1.30877e-05
3.17498 1.18282e-05
3.18499 1.05611e-05
3.195 9.28752e-06
3.20502 7.97394e-06
3.21503 6.61176e-06
3.22504 5.22941e-06
3.23506 3.82918e-06
3.24507 2.42656e-06
3.25508 1.02773e-06
3.2651 -3.9065e-07
3.27511 -1.83801e-06
3.28513 -3.31154e-06
3.29514 -4.7931e-06
3.30515 -6.29102e-06
3.31517 -7.80588e-06
3.32518 -9.29215e-06
3.33519 -1.07875e-05
3.34521 -1.23322e-05
3.35522 -1.38842e-05
3.36523 -1.54337e-05
3.37525 -1.69838e-05
3.38526 -1.85072e-05
3.39527 -2.00179e-05
3.40529 -2.15435e-05
3.4153 -2.30824e-05
3.42531 -2.46231e-05
3.43533 -2.61406e-05
3.44534 -2.76389e-05
3.45535 -2.91365e-05
3.46537 -3.06258e-05
3.47538 -3.21128e-05
3.48539 -3.35866e-05
3.49541 -3.50485e-05
3.50542 -3.64923e-05
3.51543 -3.79104e-05
3.52545 -3.93325e-05
3.53546 -4.07425e-05
3.54547 -4.21351e-05
3.55549 -4.35108e-05
3.5655 -4.48603e-05
3.57551 -4.62155e-05
3.58553 -4.7568e-05
3.59554 -4.88982e-05
3.60555 -5.02269e-05
3.61556 -5.15378e-05
3.62558 -5.28369e-05
3.63559 -5.41299e-05
3.6456 -5.53984e-05
3.65562 -5.66502e-05
3.66563 -5.78831e-05
3.67564 -5.90881e-05
3.68566 -6.02564e-05
3.69567 -6.13813e-05
3.70568 -6.24854e-05
3.7157 -6.35582e-05
3.72571 -6.45862e-05
3.73572 -6.56075e-05
3.74573 -6.66362e-05
3.75575 -6.76553e-05
3.76576 -6.86514e-05
3.77577 -6.96298e-05
3.78579 -7.05849e-05
3.7958 -7.15066e-05
3.80581 -7.241e-05
3.81583 -7.33023e-05
3.82584 -7.41649e-05
3.83585 -7.4998e-05
3.84586 -7.58148e-05
3.85588 -7.66061e-05
3.86589 -7.73721e-05
3.8759 -7.81146e-05
3.88592 -7.88289e-05
3.89593 -7.95324e-05
3.90594 -8.0216e-05
3.91596 -8.08649e-05
3.92597 -8.15049e-05
3.93598 -8.21234e-05
3.94599 -8.27121e-05
3.95601 -8.32618e-05
3.96602 -8.37859e-05
3.97603 -8.43093e-05
3.98605 -8.48099e-05
3.99606 -8.5284e-05
4.00607 -8.57341e-05
4.01609 -8.61629e-05
4.0261 -8.65724e-05
4.03611 -8.69562e-05
4.04612 -8.73161e-05
4.05614 -8.76698e-05
4.06615 -8.8013e-05
4.07616 -8.83323e-05
4.08618 -8.86285e-05
4.09619 -8.89084e-05
4.1062 -8.91766e-05
4.11622 -8.94246e-05
4.12623 -8.96474e-05
4.13624 -8.98552e-05
4.14625 -9.00418e-05
4.15627 -9.02023e-05
4.16628 -9.03337e-05
4.17629 -9.04474e-05
4.18631 -9.05539e-05
4.19632 -9.06414e-05
4.20633 -9.07155e-05
4.21635 -9.07733e-05
4.22636 -9.08138e-05
4.23637 -9.08374e-05
4.24638 -9.08431e-05
4.2564 -9.08271e-05
4.26641 -9.07965e-05
4.27642 -9.07569e-05
4.28644 -9.07024e-05
4.29645 -9.0625e-05
4.30646 -9.05241e-05
4.31648 -9.04172e-05
4.32649 -9.03072e-05
4.3365 -9.01822e-05
4.34652 -9.00396e-05
4.35653 -8.98891e-05
4.36654 -8.9737e-05
4.37655 -8.95758e-05
4.38657 -8.93897e-05
4.39658 -8.9181e-05
4.40659 -8.89644e-05
4.41661 -8.8739e-05
4.42662 -8.85072e-05
4.43663 -8.82702e-05
4.44665 -8.80202e-05
4.45666 -8.77584e-05
4.46667 -8.74849e-05
4.47669 -8.72021e-05
4.4867 -8.69096e-05
4.49671 -8.661e-05
4.50672 -8.63056e-05
4.51674 -8.59923e-05
4.52675 -8.56696e-05
4.53676 -8.53446e-05
4.54678 -8.50108e-05
4.55679 -8.46626e-05
4.5668 -8.43112e-05
4.57682 -8.39562e-05
4.58683 -8.36027e-05
4.59684 -8.32511e-05
4.60686 -8.28894e-05
4.61687 -8.25093e-05
4.62688 -8.21197e-05
4.6369 -8.17364e-05
4.64691 -8.13512e-05
4.65692 -8.09606e-05
4.66693 -8.0571e-05
4.67695 -8.01811e-05
4.68696 -7.97873e-05
4.69697 -7.93949e-05
4.70699 -7.90012e-05
4.717 -7.85983e-05
4.72701 -7.81907e-05
4.73703 -7.77866e-05
4.74704 -7.73901e-05
4.75705 -7.6998e-05
4.76707 -7.66038e-05
4.77708 -7.62022e-05
4.78709 -7.5798e-05
4.79711 -7.54006e-05
4.80712 -7.50057e-05
4.81713 -7.46076e-05
4.82715 -7.42098e-05
4.83716 -7.38143e-05
4.84717 -7.34221e-05
4.85718 -7.30374e-05
4.8672 -7.26555e-05
4.87721 -7.22767e-05
4.88722 -7.19011e-05
4.89724 -7.15201e-05
4.90725 -7.11377e-05
4.91726 -7.07539e-05
4.92728 -7.03687e-05
4.93729 -6.99892e-05
4.9473 -6.96201e-05
4.95732 -6.9248e-05
4.96733 -6.88798e-05
4.97734 -6.85201e-05
4.98736 -6.81532e-05
4.99737 -6.77871e-05
5.00738 -6.74359e-05
5.0174 -6.70941e-05
5.02741 -6.67453e-05
5.03742 -6.63885e-05
5.04744 -6.60403e-05
5.05745 -6.57053e-05
5.06746 -6.53776e-05
5.07748 -6.50491e-05
5.08749 -6.47118e-05
5.0975 -6.43813e-05
5.10752 -6.40642e-05
5.11753 -6.37451e-05
5.12754 -6.34319e-05
5.13756 -6.3132e-05
5.14757 -6.28318e-05
5.15758 -6.25326e-05
5.16759 -6.22397e-05
5.17761 -6.19556e-05
5.18762 -6.16788e-05
5.19763 -6.14005e-05
5.20765 -6.11218e-05
5.21766 -6.08505e-05
5.22767 -6.05915e-05
5.23769 -6.03409e-05
5.2477 -6.00975e-05
5.25771 -5.98594e-05
5.26773 -5.96217e-05
5.27774 -5.93869e-05
5.28775 -5.91559e-05
5.29777 -5.89339e-05
5.30778 -5.87213e-05
5.31779 -5.85172e-05
5.32781 -5.83255e-05
5.33782 -5.81414e-05
5.34783 -5.79625e-05
5.35785 -5.77871e-05
5.36786 -5.76127e-05
5.37787 -5.74449e-05
5.38789 -5.72843e-05
5.3979 -5.71238e-05
5.40791 -5.69676e-05
5.41793 -5.68191e-05
5.42794 -5.66843e-05
5.43795 -5.65607e-05
5.44796 -5.64387e-05
5.45798 -5.63222e-05
5.46799 -5.6215e-05
5.478 -5.61106e-05
5.48802 -5.60073e-05
5.49803 -5.59127e-05
5.50804 -5.58244e-05
5.51806 -5.57403e-05
5.52807 -5.56628e-05
5.53808 -5.55904e-05
5.5481 -5.55277e-05
5.55811 -5.54741e-05
5.56812 -5.54196e-05
5.57814 -5.53657e-05
5.58815 -5.53186e-05
5.59816 -5.52817e-05
5.60818 -5.52531e-05
5.61819 -5.52278e-05
5.6282 -5.52072e-05
5.63822 -5.51891e-05
5.64823 -5.51764e-05
5.65824 -5.51712e-05
5.66826 -5.51725e-05
5.67827 -5.51787e-05
5.68828 -5.5184e-05
5.6983 -5.51945e-05
5.70831 -5.52151e-05
5.71832 -5.52439e-05
5.72833 -5.52764e-05
5.73835 -5.53091e-05
5.74836 -5.53439e-05
5.75837 -5.53854e-05
5.76839 -5.54338e-05
5.7784 -5.5484e-05
5.78841 -5.55373e-05
5.79843 -5.5598e-05
5.80844 -5.56645e-05
5.81845 -5.57343e-05
5.82847 -5.58083e-05
5.83848 -5.5884e-05
5.84849 -5.59605e-05
5.85851 -5.60384e-05
5.86852 -5.61213e-05
5.87853 -5.6213e-05
5.88855 -5.63083e-05
5.89856 -5.64038e-05
5.90857 -5.65008e-05
5.91859 -5.6604e-05
5.9286 -5.67115e-05
5.93861 -5.6817e-05
5.94862 -5.69237e-05
5.95864 -5.7034e-05
5.96865 -5.7145e-05
5.97866 -5.72549e-05
5.98868 -5.73668e-05
5.99869 -5.74822e-05
6.0087 -5.76028e-05
6.01872 -5.77297e-05
6.02873 -5.78581e-05
6.03874 -5.79845e-05
6.04876 -5.81136e-05
6.05877 -5.82481e-05
6.06878 -5.83852e-05
6.0788 -5.85251e-05
6.08881 -5.86685e-05
6.09882 -5.88129e-05
6.10884 -5.89591e-05
6.11885 -5.91068e-05
6.12886 -5.92525e-05
6.13887 -5.93973e-05
6.14889 -5.95453e-05
6.1589 -5.96954e-05
6.16891 -5.98486e-05
6.17893 -6.00067e-05
6.18894 -6.01611e-05
6.19895 -6.03144e-05
6.20897 -6.04716e-05
6.21898 -6.06312e-05
6.22899 -6.07914e-05
6.23901 -6.09512e-05
6.24902 -6.11133e-05
6.25903 -6.12757e-05
6.26905 -6.14343e-05
6.27906 -6.15911e-05
6.28907 -6.17519e-05
6.29908 -6.19141e-05
6.3091 -6.20753e-05
6.31911 -6.22386e-05
6.32912 -6.2401e-05
6.33914 -6.25626e-05
6.34915 -6.27278e-05
6.35916 -6.28949e-05
6.36918 -6.30622e-05
6.37919 -6.32246e-05
6.3892 -6.33826e-05
6.39922 -6.35423e-05
6.40923 -6.37021e-05
6.41924 -6.38625e-05
6.42926 -6.40242e-05
6.43927 -6.4183e-05
6.44928 -6.43391e-05
6.45929 -6.44923e-05
6.46931 -6.46434e-05
6.47932 -6.47938e-05
6.48933 -6.49432e-05
6.49935 -6.50944e-05
6.50936 -6.52448e-05
6.51937 -6.53907e-05
6.52939 -6.55351e-05
6.5394 -6.56773e-05
6.54941 -6.58125e-05
6.55942 -6.59455e-05
6.56944 -6.60797e-05
6.57945 -6.62125e-05
6.58946 -6.63423e-05
6.59948 -6.64662e-05
6.60949 -6.65851e-05
6.6195 -6.67027e-05
6.62952 -6.68201e-05
6.63953 -6.69335e-05
6.64954 -6.70405e-05
6.65956 -6.71425e-05
6.66957 -6.72414e-05
6.67958 -6.73405e-05
6.68959 -6.74384e-05
6.69961 -6.75332e-05
6.70962 -6.7622e-05
6.71963 -6.77016e-05
6.72965 -6.77776e-05
6.73966 -6.78503e-05
6.74967 -6.79183e-05
6.75969 -6.79845e-05
6.7697 -6.805e-05
6.77971 -6.81147e-05
6.78973 -6.81783e-05
6.79974 -6.82369e-05
6.80975 -6.82913e-05
6.81976 -6.83433e-05
6.82978 -6.83887e-05
6.83979 -6.84307e-05
6.8498 -6.84705e-05
6.85982 -6.85071e-05
6.86983 -6.85416e-05
6.87984 -6.85702e-05
6.88986 -6.85961e-05
6.89987 -6.86248e-05
6.90988 -6.86532e-05
6.9199 -6.86783e-05
6.92991 -6.86999e-05
6.93992 -6.87178e-05
6.94993 -6.87338e-05
6.95995 -6.87479e-05
6.96996 -6.87541e-05
6.97997 -6.87545e-05
6.98999 -6.8757e-05
7 -6.87592e-05
