-0.0673774 -0.00201757
-0.0573832 -0.00223037
-0.0473905 -0.00243965
-0.0373991 -0.0026426
-0.0274081 -0.00283725
-0.0174158 -0.00302358
-0.00742213 -0.00320399
0.00257001 -0.00337771
0.0125617 -0.0035423
0.0225538 -0.00369731
0.0325466 -0.00384288
0.04254 -0.00397915
0.0525343 -0.00410635
0.0625297 -0.00422466
0.0725265 -0.00433441
0.0825247 -0.004436
0.0925247 -0.0045298
0.102526 -0.00461618
0.11253 -0.00469552
0.122536 -0.00476818
0.132543 -0.00483459
0.142553 -0.00489508
0.152565 -0.00494998
0.162578 -0.00499962
0.172594 -0.00504432
0.182611 -0.00508439
0.192631 -0.00512012
0.202652 -0.00515179
0.212674 -0.00517965
0.222699 -0.0052039
0.232725 -0.00522474
0.242752 -0.00524239
0.252781 -0.00525709
0.262811 -0.00526897
0.272843 -0.00527817
0.282876 -0.00528488
0.29291 -0.0052892
0.302945 -0.00529129
0.312981 -0.00529125
0.323018 -0.00528922
0.333056 -0.00528529
0.343095 -0.0052795
0.353135 -0.00527194
0.363176 -0.0052627
0.373218 -0.00525184
0.383261 -0.00523944
0.393304 -0.00522555
0.403349 -0.00521025
0.413394 -0.0051936
0.42344 -0.00517567
0.433487 -0.00515642
0.443535 -0.0051359
0.453583 -0.00511421
0.463633 -0.0050914
0.473683 -0.00506745
0.483734 -0.00504241
0.493785 -0.00501632
0.503838 -0.00498925
0.513891 -0.00496124
0.523945 -0.00493231
0.533999 -0.00490253
0.544055 -0.0048719
0.554111 -0.00484044
0.564168 -0.00480819
0.574226 -0.00477516
0.584285 -0.0047414
0.594344 -0.00470702
0.604404 -0.00467205
0.614465 -0.00463647
0.624526 -0.00460033
0.634589 -0.00456371
0.644652 -0.00452664
0.654716 -0.00448915
0.66478 -0.00445124
0.674845 -0.00441292
0.684911 -0.00437427
0.694978 -0.00433536
0.705045 -0.00429619
0.715113 -0.00425679
0.725182 -0.00421726
0.735251 -0.00417764
0.745321 -0.00413793
0.755392 -0.00409811
0.765463 -0.00405818
0.775535 -0.0040182
0.785607 -0.00397821
0.79568 -0.00393822
0.805753 -0.00389824
0.815828 -0.00385831
0.825902 -0.00381846
0.835977 -0.00377868
0.846053 -0.00373898
0.85613 -0.00369939
0.866206 -0.0036599
0.876284 -0.00362053
0.886362 -0.0035813
0.89644 -0.00354222
0.906519 -0.00350332
0.916598 -0.00346462
0.926678 -0.00342612
0.936758 -0.00338783
0.946839 -0.00334974
0.95692 -0.00331189
0.967002 -0.00327429
0.977084 -0.00323694
0.987166 -0.00319983
0.997249 -0.00316299
1.00733 -0.00312644
1.01742 -0.00309018
1.0275 -0.00305418
1.03758 -0.0030185
1.04767 -0.00298312
1.05775 -0.00294804
1.06784 -0.00291329
1.07792 -0.00287885
1.08801 -0.00284474
1.09809 -0.00281094
1.10818 -0.00277746
1.11827 -0.0027443
1.12835 -0.00271148
1.13844 -0.00267898
1.14853 -0.00264682
1.15862 -0.00261499
1.1687 -0.00258348
1.17879 -0.00255231
1.18888 -0.00252148
1.19897 -0.00249097
1.20906 -0.00246079
1.21915 -0.00243092
1.22924 -0.00240137
1.23933 -0.00237216
1.24942 -0.00234327
1.25951 -0.00231469
1.2696 -0.00228641
1.27969 -0.00225842
1.28979 -0.00223076
1.29988 -0.00220344
1.30997 -0.00217645
1.32006 -0.00214977
1.33015 -0.0021234
1.34025 -0.00209733
1.35034 -0.00207153
1.36043 -0.00204604
1.37053 -0.00202085
1.38062 -0.00199597
1.39071 -0.00197137
1.40081 -0.00194705
1.4109 -0.001923
1.421 -0.00189922
1.43109 -0.00187571
1.44119 -0.00185244
1.45128 -0.00182942
1.46138 -0.00180666
1.47147 -0.00178412
1.48157 -0.00176179
1.49166 -0.00173968
1.50176 -0.00171782
1.51185 -0.00169616
1.52195 -0.00167467
1.53205 -0.00165337
1.54214 -0.00163226
1.55224 -0.00161135
1.56233 -0.00159062
1.57243 -0.00157004
1.58253 -0.00154963
1.59263 -0.00152939
1.60272 -0.00150933
1.61282 -0.00148945
1.62292 -0.00146972
1.63302 -0.00145016
1.64312 -0.0014308
1.65322 -0.00141161
1.66331 -0.00139259
1.67341 -0.00137376
1.68351 -0.00135515
1.69361 -0.00133674
1.70371 -0.0013185
1.71381 -0.0013005
1.72392 -0.00128271
1.73402 -0.00126511
1.74412 -0.00124775
1.75422 -0.00123064
1.76432 -0.00121376
1.77442 -0.00119709
1.78453 -0.00118066
1.79463 -0.00116448
1.80473 -0.00114855
1.81484 -0.00113286
1.82494 -0.00111746
1.83504 -0.00110232
1.84515 -0.00108744
1.85525 -0.00107283
1.86535 -0.00105849
1.87546 -0.00104441
1.88556 -0.00103059
1.89567 -0.00101701
1.90577 -0.00100367
1.91588 -0.000990534
1.92598 -0.000977645
1.93609 -0.00096503
1.94619 -0.00095266
1.9563 -0.0009405
1.96641 -0.000928534
1.97651 -0.000916765
1.98662 -0.000905192
1.99672 -0.000893774
2.00683 -0.000882531
2.01694 -0.00087148
2.02704 -0.000860608
2.03715 -0.000849908
2.04726 -0.000839345
2.05736 -0.000828934
2.06747 -0.000818687
2.07758 -0.000808592
2.08769 -0.000798607
2.09779 -0.000788731
2.1079 -0.000778993
2.11801 -0.00076941
2.12812 -0.00075996
2.13823 -0.000750639
2.14833 -0.000741427
2.15844 -0.000732322
2.16855 -0.000723361
2.17866 -0.000714533
2.18877 -0.000705852
2.19888 -0.000697303
2.20899 -0.000688884
2.2191 -0.000680618
2.22921 -0.000672512
2.23932 -0.000664585
2.24943 -0.000656815
2.25954 -0.000649184
2.26965 -0.00064173
2.27976 -0.000634457
2.28987 -0.000627381
2.29998 -0.000620502
2.31009 -0.000613831
2.3202 -0.000607372
2.33031 -0.000601095
2.34042 -0.000595004
2.35053 -0.000589101
2.36064 -0.000583417
2.37075 -0.000577974
2.38086 -0.000572745
2.39097 -0.000567716
2.40108 -0.0005629
2.41119 -0.000558312
2.4213 -0.000553945
2.43141 -0.00054977
2.44152 -0.000545796
2.45163 -0.000542022
2.46174 -0.000538446
2.47185 -0.000535066
2.48196 -0.000531875
2.49207 -0.00052888
2.50218 -0.00052606
2.51229 -0.000523393
2.5224 -0.000520881
2.53251 -0.000518524
2.54262 -0.000516325
2.55273 -0.000514296
2.56284 -0.000512392
2.57295 -0.000510631
2.58306 -0.000509027
2.59317 -0.000507523
2.60328 -0.000506123
2.61339 -0.000504844
2.6235 -0.000503671
2.63361 -0.000502575
2.64372 -0.000501588
2.65382 -0.000500739
2.66393 -0.00049999
2.67404 -0.000499331
2.68415 -0.000498752
2.69426 -0.000498206
2.70437 -0.000497705
2.71448 -0.000497294
2.72459 -0.000496973
2.7347 -0.000496701
2.7448 -0.000496449
2.75491 -0.000496235
2.76502 -0.000496089
2.77513 -0.000496008
2.78524 -0.000495984
2.79535 -0.000496017
2.80546 -0.000496089
2.81556 -0.000496194
2.82567 -0.000496348
2.83578 -0.000496552
2.84589 -0.000496768
2.856 -0.00049701
2.86611 -0.000497302
2.87621 -0.000497599
2.88632 -0.000497901
2.89643 -0.000498241
2.90654 -0.000498596
2.91665 -0.000498965
2.92675 -0.000499345
2.93686 -0.000499714
2.94697 -0.000500084
2.95708 -0.000500467
2.96719 -0.000500884
2.97729 -0.000501316
2.9874 -0.000501742
2.99751 -0.000502153
3.00762 -0.000502549
3.01772 -0.000502972
3.02783 -0.000503402
3.03794 -0.000503802
3.04805 -0.000504214
3.05816 -0.000504629
3.06826 -0.000504996
3.07837 -0.000505358
3.08848 -0.000505744
3.09859 -0.000506123
3.10869 -0.000506482
3.1188 -0.000506844
3.12891 -0.000507229
3.13902 -0.000507613
3.14912 -0.000507965
3.15923 -0.000508287
3.16934 -0.000508613
3.17945 -0.000508951
3.18955 -0.000509276
3.19966 -0.000509587
3.20977 -0.000509871
3.21988 -0.000510121
3.22998 -0.000510362
3.24009 -0.000510604
3.2502 -0.000510848
3.2603 -0.000511075
3.27041 -0.000511296
3.28052 -0.000511513
3.29063 -0.00051168
3.30073 -0.000511839
3.31084 -0.000512029
3.32095 -0.00051221
3.33106 -0.000512374
3.34116 -0.000512525
3.35127 -0.000512638
3.36138 -0.000512728
3.37149 -0.000512823
3.38159 -0.000512922
3.3917 -0.000513017
3.40181 -0.000513083
3.41192 -0.000513125
3.42202 -0.000513162
3.43213 -0.000513189
3.44224 -0.000513213
3.45234 -0.000513223
3.46245 -0.000513222
3.47256 -0.000513205
3.48267 -0.000513166
3.49277 -0.000513135
3.50288 -0.000513097
3.51299 -0.000513047
3.5231 -0.000512987
3.5332 -0.000512909
3.54331 -0.000512845
3.55342 -0.000512787
3.56353 -0.000512718
3.57363 -0.000512659
3.58374 -0.000512594
3.59385 -0.00051253
3.60395 -0.000512473
3.61406 -0.000512407
3.62417 -0.000512339
3.63428 -0.000512268
3.64438 -0.000512185
3.65449 -0.000512083
3.6646 -0.000511956
3.67471 -0.000511827
3.68481 -0.000511686
3.69492 -0.000511519
3.70503 -0.000511365
3.71514 -0.000511238
3.72524 -0.000511122
3.73535 -0.000511004
3.74546 -0.00051089
3.75557 -0.000510776
3.76567 -0.000510649
3.77578 -0.000510527
3.78589 -0.000510417
3.79599 -0.0005103
3.8061 -0.000510177
3.81621 -0.000510061
3.82632 -0.000509943
3.83642 -0.000509824
3.84653 -0.000509707
3.85664 -0.000509586
3.86675 -0.000509478
3.87685 -0.000509375
3.88696 -0.000509261
3.89707 -0.000509163
3.90718 -0.000509069
3.91728 -0.000508969
3.92739 -0.000508856
3.9375 -0.000508742
3.94761 -0.000508651
3.95771 -0.000508562
3.96782 -0.00050847
3.97793 -0.00050838
3.98803 -0.000508292
3.99814 -0.00050821
4.00825 -0.000508128
4.01836 -0.000508045
4.02846 -0.000507979
4.03857 -0.000507925
4.04868 -0.000507871
4.05879 -0.000507818
4.06889 -0.000507772
4.079 -0.000507737
4.08911 -0.000507704
4.09922 -0.000507669
4.10932 -0.00050764
4.11943 -0.000507612
4.12954 -0.000507578
4.13965 -0.000507538
4.14975 -0.000507502
4.15986 -0.000507479
4.16997 -0.000507458
4.18008 -0.000507442
4.19018 -0.000507431
4.20029 -0.000507421
4.2104 -0.000507414
4.22051 -0.000507407
4.23061 -0.000507398
4.24072 -0.000507391
4.25083 -0.000507393
4.26093 -0.000507397
4.27104 -0.000507397
4.28115 -0.00050739
4.29126 -0.000507393
4.30136 -0.000507407
4.31147 -0.000507423
4.32158 -0.000507435
4.33169 -0.000507455
4.34179 -0.000507487
4.3519 -0.000507524
4.36201 -0.00050755
4.37212 -0.000507566
4.38222 -0.000507588
4.39233 -0.000507615
4.40244 -0.000507646
4.41255 -0.000507683
4.42265 -0.000507718
4.43276 -0.000507751
4.44287 -0.000507783
4.45298 -0.000507817
4.46308 -0.00050785
4.47319 -0.000507887
4.4833 -0.000507927
4.4934 -0.000507965
4.50351 -0.000508002
4.51362 -0.000508045
4.52373 -0.000508086
4.53383 -0.000508119
4.54394 -0.000508156
4.55405 -0.000508195
4.56416 -0.000508242
4.57426 -0.000508297
4.58437 -0.000508347
4.59448 -0.000508383
4.60459 -0.000508414
4.61469 -0.000508455
4.6248 -0.000508498
4.63491 -0.000508539
4.64501 -0.000508583
4.65512 -0.00050863
4.66523 -0.000508676
4.67534 -0.000508725
4.68544 -0.000508773
4.69555 -0.000508814
4.70566 -0.000508851
4.71577 -0.000508893
4.72587 -0.000508943
4.73598 -0.000508997
4.74609 -0.000509049
4.7562 -0.000509094
4.7663 -0.000509134
4.77641 -0.000509179
4.78652 -0.000509227
4.79662 -0.000509272
4.80673 -0.000509314
4.81684 -0.000509358
4.82695 -0.000509403
4.83705 -0.000509453
4.84716 -0.000509503
4.85727 -0.000509554
4.86738 -0.000509605
4.87748 -0.000509648
4.88759 -0.000509686
4.8977 -0.000509719
4.9078 -0.000509748
4.91791 -0.000509778
4.92802 -0.000509814
4.93813 -0.000509845
4.94823 -0.000509875
4.95834 -0.000509908
4.96845 -0.00050993
4.97856 -0.000509949
4.98866 -0.000509978
4.99877 -0.000510011
5.00888 -0.000510032
5.01898 -0.00051004
5.02909 -0.00051005
5.0392 -0.000510069
5.04931 -0.00051009
5.05941 -0.000510105
5.06952 -0.000510106
5.07963 -0.000510108
5.08974 -0.000510117
5.09984 -0.000510118
5.10995 -0.000510119
5.12006 -0.000510128
5.13017 -0.00051013
5.14027 -0.000510127
5.15038 -0.000510122
5.16049 -0.000510121
5.17059 -0.00051012
5.1807 -0.000510112
5.19081 -0.000510097
5.20092 -0.000510083
5.21102 -0.000510075
5.22113 -0.000510069
5.23124 -0.000510063
5.24134 -0.000510056
5.25145 -0.000510043
5.26156 -0.000510026
5.27167 -0.000510006
5.28177 -0.000509988
5.29188 -0.000509972
5.30199 -0.000509959
5.3121 -0.000509952
5.3222 -0.000509945
5.33231 -0.000509937
5.34242 -0.000509925
5.35252 -0.000509908
5.36263 -0.00050989
5.37274 -0.000509873
5.38285 -0.000509851
5.39295 -0.000509828
5.40306 -0.000509804
5.41317 -0.000509787
5.42328 -0.000509775
5.43338 -0.000509758
5.44349 -0.00050974
5.4536 -0.000509726
5.4637 -0.000509707
5.47381 -0.000509684
5.48392 -0.000509663
5.49403 -0.000509643
5.50413 -0.000509621
5.51424 -0.000509599
5.52435 -0.000509577
5.53446 -0.000509559
5.54456 -0.000509546
5.55467 -0.000509525
5.56478 -0.000509499
5.57488 -0.000509474
5.58499 -0.000509453
5.5951 -0.000509436
5.60521 -0.000509416
5.61531 -0.000509395
5.62542 -0.000509371
5.63553 -0.000509348
5.64563 -0.000509329
5.65574 -0.00050931
5.66585 -0.000509291
5.67596 -0.000509266
5.68606 -0.000509241
5.69617 -0.000509223
5.70628 -0.000509207
5.71639 -0.000509191
5.72649 -0.00050917
5.7366 -0.000509149
5.74671 -0.00050913
5.75681 -0.000509114
5.76692 -0.000509094
5.77703 -0.000509074
5.78714 -0.000509057
5.79724 -0.000509042
5.80735 -0.000509028
5.81746 -0.000509014
5.82757 -0.000508997
5.83767 -0.000508978
5.84778 -0.000508957
5.85789 -0.000508937
5.86799 -0.000508924
5.8781 -0.000508912
5.88821 -0.000508898
5.89832 -0.000508881
5.90842 -0.000508868
5.91853 -0.000508857
5.92864 -0.00050884
5.93874 -0.000508822
5.94885 -0.000508806
5.95896 -0.000508788
5.96907 -0.000508765
5.97917 -0.000508743
5.98928 -0.000508724
5.99939 -0.000508706
6.0095 -0.000508693
6.0196 -0.000508679
6.02971 -0.000508662
6.03982 -0.000508646
6.04992 -0.000508633
6.06003 -0.000508622
6.07014 -0.000508611
6.08025 -0.000508603
6.09035 -0.000508594
6.10046 -0.000508587
6.11057 -0.000508581
6.12067 -0.00050857
6.13078 -0.000508558
6.14089 -0.000508549
6.151 -0.000508541
6.1611 -0.000508536
6.17121 -0.000508534
6.18132 -0.000508527
6.19142 -0.000508519
6.20153 -0.000508514
6.21164 -0.000508511
6.22175 -0.000508508
6.23185 -0.000508505
6.24196 -0.000508505
6.25207 -0.000508505
6.26218 -0.000508502
6.27228 -0.000508496
6.28239 -0.000508494
6.2925 -0.000508494
6.3026 -0.000508492
6.31271 -0.000508494
6.32282 -0.000508496
6.33293 -0.000508497
6.34303 -0.000508502
6.35314 -0.000508509
6.36325 -0.000508516
6.37335 -0.00050852
6.38346 -0.000508522
6.39357 -0.000508527
6.40368 -0.000508532
6.41378 -0.000508538
6.42389 -0.000508547
6.434 -0.000508556
6.44411 -0.000508563
6.45421 -0.000508569
6.46432 -0.000508573
6.47443 -0.000508579
6.48453 -0.000508585
6.49464 -0.000508593
6.50475 -0.000508602
6.51486 -0.00050861
6.52496 -0.000508617
6.53507 -0.000508624
6.54518 -0.000508627
6.55528 -0.000508629
6.56539 -0.000508635
6.5755 -0.000508643
6.58561 -0.000508649
6.59571 -0.000508651
6.60582 -0.00050865
6.61593 -0.00050865
6.62603 -0.000508653
6.63614 -0.000508654
6.64625 -0.000508652
6.65636 -0.000508647
6.66646 -0.000508641
6.67657 -0.000508637
6.68668 -0.000508636
6.69678 -0.000508634
6.70689 -0.00050863
6.717 -0.000508619
6.72711 -0.000508607
6.73721 -0.000508595
6.74732 -0.000508582
6.75743 -0.000508569
6.76753 -0.000508558
6.77764 -0.00050855
6.78775 -0.000508544
6.79786 -0.000508535
6.80796 -0.000508525
6.81807 -0.000508515
6.82818 -0.000508501
6.83828 -0.000508489
6.84839 -0.000508478
6.8585 -0.000508465
6.86861 -0.000508453
6.87871 -0.000508439
6.88882 -0.000508426
6.89893 -0.000508418
6.90904 -0.000508413
6.91914 -0.00050841
6.92925 -0.000508406
6.93936 -0.000508401
6.94946 -0.000508398
6.95957 -0.000508397
6.96968 -0.000508391
6.97979 -0.000508383
6.98989 -0.00050838
7 -0.00050838
