-0.022256 -0.00374621
-0.0122594 -0.00381812
-0.00226327 -0.00388854
0.00773246 -0.00395659
0.0177281 -0.00402184
0.0277239 -0.00408416
0.0377199 -0.00414373
0.0477158 -0.00420041
0.0577118 -0.00425397
0.0677078 -0.0043044
0.077704 -0.00435171
0.0877005 -0.00439593
0.0976972 -0.00443715
0.107694 -0.00447536
0.117692 -0.00451065
0.12769 -0.00454314
0.137688 -0.00457294
0.147687 -0.00460013
0.157686 -0.00462481
0.167686 -0.00464707
0.177687 -0.00466709
0.187688 -0.00468496
0.19769 -0.00470075
0.207692 -0.00471456
0.217695 -0.0047265
0.227699 -0.00473665
0.237703 -0.00474513
0.247708 -0.00475202
0.257713 -0.00475738
0.267719 -0.00476128
0.277725 -0.00476374
0.287732 -0.00476486
0.297739 -0.00476475
0.307746 -0.00476339
0.317754 -0.00476085
0.327763 -0.0047572
0.337771 -0.00475245
0.34778 -0.00474667
0.35779 -0.0047399
0.3678 -0.00473218
0.37781 -0.00472358
0.38782 -0.00471404
0.397831 -0.0047036
0.407841 -0.00469232
0.417853 -0.00468021
0.427864 -0.0046673
0.437876 -0.0046536
0.447888 -0.00463914
0.4579 -0.00462399
0.467913 -0.00460814
0.477926 -0.00459154
0.487939 -0.00457421
0.497953 -0.00455623
0.507966 -0.00453762
0.51798 -0.00451832
0.527994 -0.00449838
0.538009 -0.0044778
0.548024 -0.00445664
0.558039 -0.0044349
0.568054 -0.00441259
0.57807 -0.00438977
0.588085 -0.0043664
0.598102 -0.00434248
0.608118 -0.00431804
0.618135 -0.00429306
0.628152 -0.00426757
0.638169 -0.00424165
0.648187 -0.00421532
0.658204 -0.00418854
0.668222 -0.00416133
0.678241 -0.00413374
0.68826 -0.00410579
0.698278 -0.00407748
0.708298 -0.0040488
0.718317 -0.00401973
0.728337 -0.00399034
0.738357 -0.00396066
0.748377 -0.00393068
0.758398 -0.00390043
0.768419 -0.00386996
0.77844 -0.00383934
0.788461 -0.00380852
0.798483 -0.00377747
0.808504 -0.00374619
0.818526 -0.00371472
0.828549 -0.0036831
0.838571 -0.00365132
0.848594 -0.00361939
0.858617 -0.00358734
0.86864 -0.00355519
0.878664 -0.00352293
0.888688 -0.00349056
0.898712 -0.00345811
0.908736 -0.00342556
0.91876 -0.00339293
0.928785 -0.00336023
0.93881 -0.00332748
0.948835 -0.0032947
0.95886 -0.0032619
0.968886 -0.00322908
0.978911 -0.00319625
0.988937 -0.0031634
0.998963 -0.00313057
1.00899 -0.00309776
1.01902 -0.00306496
1.02904 -0.00303218
1.03907 -0.00299944
1.0491 -0.00296676
1.05912 -0.00293415
1.06915 -0.00290156
1.07918 -0.00286905
1.08921 -0.00283663
1.09923 -0.00280427
1.10926 -0.00277202
1.11929 -0.00273987
1.12932 -0.00270782
1.13935 -0.00267586
1.14938 -0.002644
1.1594 -0.00261226
1.16943 -0.00258064
1.17946 -0.00254915
1.18949 -0.00251779
1.19952 -0.00248657
1.20955 -0.00245547
1.21958 -0.00242452
1.22961 -0.00239374
1.23964 -0.00236309
1.24967 -0.00233259
1.2597 -0.00230224
1.26973 -0.00227204
1.27976 -0.00224201
1.28979 -0.00221216
1.29982 -0.00218245
1.30985 -0.0021529
1.31988 -0.0021235
1.32991 -0.00209428
1.33995 -0.00206528
1.34998 -0.00203647
1.36001 -0.00200785
1.37004 -0.00197942
1.38007 -0.00195117
1.3901 -0.00192309
1.40014 -0.0018952
1.41017 -0.00186752
1.4202 -0.00184005
1.43023 -0.00181277
1.44027 -0.0017857
1.4503 -0.00175881
1.46033 -0.00173212
1.47036 -0.00170564
1.4804 -0.00167936
1.49043 -0.00165327
1.50046 -0.0016274
1.51049 -0.00160172
1.52053 -0.00157622
1.53056 -0.00155093
1.54059 -0.00152588
1.55063 -0.00150101
1.56066 -0.00147633
1.57069 -0.00145184
1.58073 -0.00142755
1.59076 -0.00140348
1.6008 -0.00137962
1.61083 -0.00135594
1.62086 -0.00133244
1.6309 -0.00130915
1.64093 -0.00128608
1.65097 -0.00126322
1.661 -0.00124055
1.67103 -0.00121809
1.68107 -0.00119586
1.6911 -0.00117384
1.70114 -0.00115202
1.71117 -0.00113043
1.72121 -0.00110909
1.73124 -0.00108798
1.74128 -0.00106708
1.75131 -0.00104644
1.76135 -0.00102603
1.77139 -0.00100585
1.78142 -0.000985905
1.79146 -0.000966237
1.80149 -0.000946812
1.81153 -0.000927613
1.82157 -0.000908657
1.8316 -0.000889957
1.84164 -0.000871509
1.85167 -0.000853311
1.86171 -0.00083539
1.87175 -0.000817749
1.88178 -0.00080036
1.89182 -0.000783237
1.90186 -0.000766392
1.91189 -0.000749813
1.92193 -0.000733497
1.93197 -0.000717428
1.94201 -0.000701606
1.95204 -0.00068601
1.96208 -0.000670675
1.97212 -0.000655637
1.98215 -0.000640871
1.99219 -0.000626344
2.00223 -0.000612045
2.01227 -0.000597983
2.0223 -0.00058416
2.03234 -0.000570541
2.04238 -0.00055715
2.05242 -0.000544009
2.06245 -0.000531108
2.07249 -0.000518444
2.08253 -0.000505985
2.09257 -0.000493751
2.1026 -0.000481757
2.11264 -0.000469991
2.12268 -0.000458414
2.13272 -0.000447028
2.14276 -0.000435862
2.15279 -0.000424934
2.16283 -0.000414222
2.17287 -0.000403722
2.18291 -0.000393411
2.19294 -0.000383288
2.20298 -0.000373388
2.21302 -0.000363694
2.22306 -0.00035422
2.2331 -0.000344947
2.24314 -0.000335868
2.25317 -0.000327003
2.26321 -0.000318352
2.27325 -0.00030993
2.28329 -0.00030171
2.29333 -0.000293669
2.30337 -0.000285838
2.3134 -0.000278217
2.32344 -0.000270816
2.33348 -0.000263629
2.34352 -0.000256665
2.35356 -0.000249921
2.3636 -0.000243363
2.37363 -0.000236991
2.38367 -0.000230806
2.39371 -0.000224835
2.40375 -0.000219098
2.41379 -0.000213565
2.42383 -0.000208222
2.43386 -0.000203082
2.4439 -0.000198159
2.45394 -0.000193444
2.46398 -0.000188912
2.47402 -0.000184569
2.48405 -0.000180417
2.49409 -0.000176455
2.50413 -0.000172683
2.51417 -0.000169093
2.52421 -0.000165695
2.53424 -0.000162471
2.54428 -0.000159398
2.55432 -0.000156481
2.56436 -0.000153722
2.5744 -0.000151125
2.58443 -0.000148705
2.59447 -0.000146417
2.60451 -0.000144281
2.61455 -0.000142314
2.62458 -0.00014046
2.63462 -0.000138723
2.64466 -0.000137121
2.6547 -0.000135644
2.66473 -0.00013426
2.67477 -0.000133003
2.68481 -0.000131905
2.69484 -0.000130928
2.70488 -0.000130062
2.71492 -0.000129299
2.72496 -0.000128591
2.73499 -0.000127951
2.74503 -0.000127427
2.75507 -0.000127017
2.7651 -0.000126682
2.77514 -0.000126392
2.78518 -0.000126165
2.79521 -0.000126032
2.80525 -0.00012599
2.81529 -0.000126033
2.82532 -0.000126158
2.83536 -0.000126349
2.8454 -0.0001266
2.85543 -0.000126925
2.86547 -0.000127328
2.87551 -0.000127767
2.88554 -0.000128258
2.89558 -0.000128823
2.90561 -0.000129419
2.91565 -0.000130044
2.92569 -0.00013073
2.93572 -0.000131454
2.94576 -0.000132215
2.9558 -0.00013301
2.96583 -0.000133815
2.97587 -0.000134642
2.9859 -0.000135503
2.99594 -0.000136418
3.00598 -0.000137367
3.01601 -0.000138329
3.02605 -0.000139293
3.03608 -0.000140259
3.04612 -0.000141267
3.05615 -0.000142299
3.06619 -0.000143315
3.07623 -0.000144357
3.08626 -0.000145415
3.0963 -0.000146438
3.10633 -0.000147467
3.11637 -0.000148531
3.1264 -0.000149599
3.13644 -0.000150656
3.14648 -0.000151725
3.15651 -0.000152824
3.16655 -0.00015393
3.17658 -0.00015501
3.18662 -0.000156065
3.19665 -0.000157128
3.20669 -0.000158208
3.21672 -0.000159278
3.22676 -0.000160336
3.23679 -0.000161366
3.24683 -0.000162364
3.25686 -0.000163353
3.2669 -0.000164344
3.27694 -0.000165334
3.28697 -0.000166305
3.29701 -0.000167268
3.30704 -0.000168222
3.31708 -0.000169123
3.32711 -0.00017001
3.33715 -0.000170923
3.34718 -0.000171821
3.35722 -0.000172696
3.36725 -0.00017355
3.37729 -0.000174357
3.38732 -0.000175133
3.39736 -0.000175904
3.40739 -0.000176671
3.41743 -0.000177423
3.42746 -0.000178135
3.4375 -0.000178812
3.44753 -0.000179474
3.45757 -0.000180112
3.4676 -0.000180735
3.47764 -0.000181332
3.48767 -0.000181905
3.49771 -0.000182448
3.50775 -0.000182954
3.51778 -0.000183455
3.52782 -0.000183935
3.53785 -0.000184388
3.54789 -0.000184817
3.55792 -0.000185212
3.56796 -0.000185606
3.57799 -0.000185991
3.58803 -0.000186349
3.59806 -0.0001867
3.6081 -0.000187031
3.61813 -0.000187346
3.62817 -0.000187652
3.6382 -0.000187932
3.64824 -0.000188194
3.65827 -0.000188436
3.66831 -0.000188651
3.67834 -0.000188829
3.68838 -0.000188964
3.69841 -0.000189081
3.70845 -0.00018917
3.71848 -0.000189215
3.72852 -0.000189258
3.73855 -0.000189312
3.74859 -0.00018936
3.75862 -0.00018939
3.76866 -0.000189408
3.77869 -0.000189409
3.78873 -0.000189383
3.79876 -0.000189345
3.8088 -0.000189303
3.81883 -0.00018924
3.82887 -0.000189155
3.8389 -0.000189062
3.84894 -0.000188953
3.85897 -0.000188829
3.86901 -0.00018869
3.87904 -0.000188534
3.88908 -0.000188378
3.89911 -0.000188212
3.90915 -0.000188023
3.91919 -0.000187837
3.92922 -0.000187641
3.93926 -0.000187428
3.94929 -0.000187189
3.95933 -0.000186937
3.96936 -0.000186697
3.9794 -0.000186447
3.98943 -0.000186184
3.99947 -0.000185911
4.0095 -0.000185631
4.01954 -0.000185347
4.02957 -0.000185051
4.03961 -0.000184745
4.04964 -0.000184449
4.05968 -0.000184156
4.06971 -0.000183854
4.07975 -0.000183545
4.08978 -0.000183234
4.09982 -0.000182928
4.10985 -0.000182618
4.11989 -0.000182298
4.12992 -0.000181978
4.13996 -0.000181653
4.15 -0.000181319
4.16003 -0.00018097
4.17007 -0.00018062
4.1801 -0.000180279
4.19014 -0.000179935
4.20017 -0.000179593
4.21021 -0.000179251
4.22024 -0.000178909
4.23028 -0.000178566
4.24031 -0.000178221
4.25035 -0.00017787
4.26038 -0.00017752
4.27042 -0.000177176
4.28045 -0.000176834
4.29049 -0.000176485
4.30052 -0.000176128
4.31056 -0.000175781
4.3206 -0.000175446
4.33063 -0.000175112
4.34067 -0.000174775
4.3507 -0.000174445
4.36074 -0.000174129
4.37077 -0.000173818
4.38081 -0.000173498
4.39084 -0.00017317
4.40088 -0.000172849
4.41091 -0.000172533
4.42095 -0.000172225
4.43098 -0.000171926
4.44102 -0.000171627
4.45105 -0.000171329
4.46109 -0.000171034
4.47113 -0.000170744
4.48116 -0.000170456
4.4912 -0.000170175
4.50123 -0.000169901
4.51127 -0.000169631
4.5213 -0.000169364
4.53134 -0.000169106
4.54137 -0.000168851
4.55141 -0.000168594
4.56144 -0.000168345
4.57148 -0.000168104
4.58151 -0.000167875
4.59155 -0.000167658
4.60158 -0.000167442
4.61162 -0.000167217
4.62165 -0.000166994
4.63169 -0.000166786
4.64173 -0.000166586
4.65176 -0.00016639
4.6618 -0.000166204
4.67183 -0.000166026
4.68187 -0.000165852
4.6919 -0.000165688
4.70194 -0.00016553
4.71197 -0.000165371
4.72201 -0.000165215
4.73204 -0.00016507
4.74208 -0.00016494
4.75211 -0.00016482
4.76215 -0.000164705
4.77218 -0.000164588
4.78222 -0.000164474
4.79226 -0.000164372
4.80229 -0.000164279
4.81233 -0.000164188
4.82236 -0.000164102
4.8324 -0.000164023
4.84243 -0.000163952
4.85247 -0.000163892
4.8625 -0.000163839
4.87254 -0.000163792
4.88257 -0.000163753
4.89261 -0.000163711
4.90264 -0.000163671
4.91268 -0.000163632
4.92271 -0.000163594
4.93275 -0.000163564
4.94279 -0.000163546
4.95282 -0.000163528
4.96286 -0.000163515
4.97289 -0.000163511
4.98293 -0.000163501
4.99296 -0.000163493
5.003 -0.0001635
5.01303 -0.000163517
5.02307 -0.000163528
5.0331 -0.000163531
5.04314 -0.000163541
5.05317 -0.000163565
5.06321 -0.000163595
5.07324 -0.000163624
5.08328 -0.000163643
5.09332 -0.000163667
5.10335 -0.000163704
5.11339 -0.000163737
5.12342 -0.000163774
5.13346 -0.000163823
5.14349 -0.000163869
5.15353 -0.000163914
5.16356 -0.000163962
5.1736 -0.000164017
5.18363 -0.000164077
5.19367 -0.000164132
5.2037 -0.000164184
5.21374 -0.000164239
5.22377 -0.000164303
5.23381 -0.000164372
5.24384 -0.000164446
5.25388 -0.00016452
5.26391 -0.000164591
5.27395 -0.000164661
5.28399 -0.000164731
5.29402 -0.000164805
5.30406 -0.000164883
5.31409 -0.000164966
5.32413 -0.000165057
5.33416 -0.00016515
5.3442 -0.000165244
5.35423 -0.000165336
5.36427 -0.000165425
5.3743 -0.000165515
5.38434 -0.000165608
5.39437 -0.000165695
5.40441 -0.000165781
5.41444 -0.000165869
5.42448 -0.000165965
5.43451 -0.000166068
5.44455 -0.000166167
5.45458 -0.000166265
5.46462 -0.000166366
5.47465 -0.000166465
5.48469 -0.000166559
5.49472 -0.000166656
5.50476 -0.000166754
5.5148 -0.000166849
5.52483 -0.000166945
5.53487 -0.00016704
5.5449 -0.000167139
5.55494 -0.000167242
5.56497 -0.000167338
5.57501 -0.000167428
5.58504 -0.000167519
5.59508 -0.000167614
5.60511 -0.000167711
5.61515 -0.000167805
5.62518 -0.000167898
5.63522 -0.000167987
5.64525 -0.000168076
5.65529 -0.000168166
5.66532 -0.000168257
5.67536 -0.000168347
5.68539 -0.00016843
5.69543 -0.000168512
5.70546 -0.000168599
5.7155 -0.000168688
5.72553 -0.000168774
5.73557 -0.000168855
5.7456 -0.000168934
5.75564 -0.000169013
5.76568 -0.000169093
5.77571 -0.000169169
5.78575 -0.000169242
5.79578 -0.000169318
5.80582 -0.000169394
5.81585 -0.000169468
5.82589 -0.000169541
5.83592 -0.00016961
5.84596 -0.000169675
5.85599 -0.000169736
5.86603 -0.000169797
5.87606 -0.000169862
5.8861 -0.000169926
5.89613 -0.000169985
5.90617 -0.000170041
5.9162 -0.000170099
5.92624 -0.000170156
5.93627 -0.000170207
5.94631 -0.000170254
5.95634 -0.000170301
5.96638 -0.000170344
5.97641 -0.000170382
5.98645 -0.000170418
5.99648 -0.000170453
6.00652 -0.00017049
6.01655 -0.000170529
6.02659 -0.000170566
6.03662 -0.000170598
6.04666 -0.000170629
6.05669 -0.000170661
6.06673 -0.000170693
6.07677 -0.000170725
6.0868 -0.000170757
6.09684 -0.000170787
6.10687 -0.000170816
6.11691 -0.000170843
6.12694 -0.000170866
6.13698 -0.000170886
6.14701 -0.000170906
6.15705 -0.000170927
6.16708 -0.000170948
6.17712 -0.000170971
6.18715 -0.000170989
6.19719 -0.000171003
6.20722 -0.00017102
6.21726 -0.000171037
6.22729 -0.000171053
6.23733 -0.000171068
6.24736 -0.000171084
6.2574 -0.000171099
6.26743 -0.000171109
6.27747 -0.000171115
6.2875 -0.000171125
6.29754 -0.000171135
6.30757 -0.000171142
6.31761 -0.000171151
6.32764 -0.000171159
6.33768 -0.000171166
6.34771 -0.000171177
6.35775 -0.000171189
6.36778 -0.000171201
6.37782 -0.000171208
6.38786 -0.000171211
6.39789 -0.000171216
6.40793 -0.000171221
6.41796 -0.000171227
6.428 -0.000171234
6.43803 -0.00017124
6.44807 -0.000171243
6.4581 -0.000171244
6.46814 -0.000171244
6.47817 -0.000171244
6.48821 -0.000171245
6.49824 -0.000171248
6.50828 -0.000171252
6.51831 -0.000171254
6.52835 -0.000171254
6.53838 -0.000171255
6.54842 -0.00017125
6.55845 -0.000171244
6.56849 -0.000171241
6.57852 -0.000171239
6.58856 -0.000171237
6.59859 -0.00017123
6.60863 -0.00017122
6.61866 -0.000171211
6.6287 -0.000171203
6.63873 -0.000171195
6.64877 -0.000171182
6.6588 -0.000171168
6.66884 -0.000171153
6.67887 -0.00017114
6.68891 -0.000171129
6.69895 -0.000171118
6.70898 -0.000171103
6.71902 -0.000171082
6.72905 -0.00017106
6.73909 -0.000171039
6.74912 -0.000171016
6.75916 -0.000170994
6.76919 -0.000170974
6.77923 -0.000170958
6.78926 -0.000170943
6.7993 -0.000170926
6.80933 -0.000170909
6.81937 -0.000170893
6.8294 -0.000170873
6.83944 -0.000170854
6.84947 -0.000170836
6.85951 -0.000170817
6.86954 -0.0001708
6.87958 -0.000170781
6.88961 -0.000170764
6.89965 -0.000170753
6.90968 -0.000170745
6.91972 -0.000170737
6.92975 -0.00017073
6.93979 -0.000170722
6.94982 -0.000170717
6.95986 -0.000170714
6.96989 -0.000170707
6.97993 -0.000170697
6.98996 -0.000170693
7 -0.000170694
