-0.0400998 -0.00298028
-0.0301039 -0.00311034
-0.0201089 -0.00323812
-0.0101147 -0.00336199
-0.000120685 -0.00348096
0.00987398 -0.00359499
0.0198691 -0.00370495
0.0298636 -0.00381038
0.0398581 -0.00391037
0.0498527 -0.00400476
0.0598477 -0.00409359
0.0698431 -0.00417691
0.0798389 -0.00425487
0.0898354 -0.00432752
0.0998326 -0.00439504
0.109831 -0.00445765
0.11983 -0.00451556
0.12983 -0.00456895
0.139831 -0.00461803
0.149833 -0.00466299
0.159836 -0.0047041
0.16984 -0.00474154
0.179846 -0.00477548
0.189853 -0.0048061
0.19986 -0.0048336
0.209869 -0.00485814
0.219879 -0.00487991
0.22989 -0.00489906
0.239902 -0.00491573
0.249914 -0.00493004
0.259928 -0.00494207
0.269943 -0.00495198
0.279958 -0.00495991
0.289974 -0.00496592
0.299991 -0.00497009
0.310008 -0.00497255
0.320027 -0.00497334
0.330045 -0.00497256
0.340065 -0.00497028
0.350085 -0.00496658
0.360106 -0.00496153
0.370127 -0.00495512
0.380149 -0.0049474
0.390171 -0.00493845
0.400194 -0.00492829
0.410217 -0.00491698
0.420241 -0.00490454
0.430265 -0.00489102
0.44029 -0.00487649
0.450316 -0.00486097
0.460341 -0.00484441
0.470368 -0.00482685
0.480395 -0.00480837
0.490422 -0.004789
0.500449 -0.00476872
0.510478 -0.00474754
0.520506 -0.00472551
0.530535 -0.00470268
0.540565 -0.00467907
0.550595 -0.0046547
0.560625 -0.00462962
0.570656 -0.00460382
0.580688 -0.0045773
0.59072 -0.00455009
0.600752 -0.0045222
0.610785 -0.00449366
0.620819 -0.00446456
0.630852 -0.00443492
0.640887 -0.00440472
0.650921 -0.00437399
0.660957 -0.00434279
0.670992 -0.00431114
0.681029 -0.00427907
0.691065 -0.00424656
0.701102 -0.00421361
0.71114 -0.00418029
0.721178 -0.00414664
0.731216 -0.00411268
0.741255 -0.00407842
0.751295 -0.00404393
0.761334 -0.00400928
0.771374 -0.00397445
0.781415 -0.00393939
0.791456 -0.00390412
0.801497 -0.00386867
0.811539 -0.00383311
0.821581 -0.00379742
0.831624 -0.00376161
0.841667 -0.00372572
0.85171 -0.00368978
0.861754 -0.00365378
0.871798 -0.00361771
0.881842 -0.00358162
0.891887 -0.00354549
0.901932 -0.00350934
0.911977 -0.00347318
0.922023 -0.00343703
0.932069 -0.00340092
0.942116 -0.00336487
0.952163 -0.00332887
0.96221 -0.00329293
0.972257 -0.00325705
0.982305 -0.00322127
0.992353 -0.00318559
1.0024 -0.00315
1.01245 -0.00311452
1.0225 -0.00307917
1.03255 -0.00304397
1.0426 -0.00300891
1.05265 -0.00297397
1.0627 -0.00293921
1.07275 -0.00290462
1.0828 -0.00287019
1.09285 -0.00283596
1.1029 -0.00280191
1.11295 -0.00276806
1.123 -0.00273439
1.13305 -0.00270092
1.1431 -0.00266766
1.15315 -0.0026346
1.16321 -0.00260176
1.17326 -0.00256914
1.18331 -0.00253676
1.19336 -0.00250457
1.20342 -0.00247263
1.21347 -0.00244094
1.22352 -0.00240947
1.23358 -0.00237823
1.24363 -0.00234722
1.25369 -0.00231643
1.26374 -0.0022859
1.27379 -0.00225563
1.28385 -0.00222557
1.2939 -0.00219575
1.30396 -0.00216615
1.31401 -0.00213681
1.32407 -0.00210776
1.33413 -0.00207896
1.34418 -0.00205043
1.35424 -0.00202215
1.36429 -0.00199412
1.37435 -0.00196632
1.38441 -0.00193877
1.39446 -0.0019115
1.40452 -0.00188448
1.41458 -0.00185772
1.42463 -0.00183122
1.43469 -0.00180495
1.44475 -0.00177894
1.4548 -0.00175317
1.46486 -0.00172764
1.47492 -0.00170236
1.48498 -0.00167732
1.49504 -0.00165252
1.50509 -0.00162792
1.51515 -0.00160355
1.52521 -0.00157945
1.53527 -0.00155557
1.54533 -0.00153188
1.55538 -0.00150842
1.56544 -0.00148516
1.5755 -0.00146214
1.58556 -0.00143934
1.59562 -0.00141672
1.60568 -0.0013943
1.61574 -0.0013721
1.6258 -0.00135012
1.63586 -0.00132836
1.64592 -0.00130679
1.65598 -0.00128544
1.66604 -0.00126432
1.6761 -0.00124342
1.68616 -0.00122272
1.69622 -0.00120226
1.70628 -0.00118205
1.71634 -0.00116208
1.7264 -0.00114232
1.73646 -0.00112283
1.74653 -0.00110358
1.75659 -0.00108456
1.76665 -0.00106579
1.77671 -0.00104731
1.78677 -0.00102908
1.79684 -0.00101108
1.8069 -0.00099334
1.81696 -0.000975869
1.82702 -0.000958662
1.83709 -0.000941717
1.84715 -0.000925063
1.85721 -0.000908701
1.86728 -0.000892603
1.87734 -0.000876783
1.8874 -0.000861252
1.89747 -0.000845997
1.90753 -0.000831013
1.9176 -0.000816285
1.92766 -0.000801809
1.93772 -0.000787563
1.94779 -0.000773582
1.95785 -0.000759896
1.96792 -0.000746481
1.97798 -0.000733302
1.98805 -0.000720344
1.99811 -0.000707616
2.00817 -0.000695116
2.01824 -0.000682808
2.0283 -0.000670712
2.03837 -0.000658849
2.04843 -0.000647206
2.0585 -0.00063578
2.06856 -0.000624536
2.07863 -0.000613492
2.0887 -0.000602661
2.09876 -0.000592031
2.10883 -0.000581561
2.11889 -0.000571252
2.12896 -0.000561132
2.13902 -0.000551218
2.14909 -0.000541489
2.15915 -0.000531939
2.16922 -0.000522547
2.17929 -0.00051331
2.18935 -0.000504265
2.19942 -0.000495395
2.20948 -0.000486716
2.21955 -0.000478209
2.22962 -0.000469868
2.23968 -0.000461716
2.24975 -0.000453753
2.25982 -0.000445997
2.26988 -0.000438422
2.27995 -0.000431007
2.29002 -0.000423784
2.30008 -0.000416758
2.31015 -0.000409938
2.32022 -0.000403321
2.33028 -0.000396916
2.34035 -0.000390724
2.35042 -0.000384712
2.36048 -0.00037888
2.37055 -0.000373231
2.38062 -0.000367792
2.39068 -0.000362585
2.40075 -0.000357581
2.41082 -0.000352764
2.42088 -0.000348149
2.43095 -0.000343749
2.44102 -0.000339556
2.45108 -0.000335543
2.46115 -0.000331718
2.47122 -0.00032808
2.48128 -0.00032463
2.49135 -0.000321364
2.50142 -0.000318277
2.51148 -0.000315375
2.52155 -0.000312641
2.53162 -0.000310051
2.54168 -0.00030761
2.55175 -0.000305317
2.56182 -0.000303177
2.57188 -0.000301203
2.58195 -0.000299351
2.59201 -0.000297638
2.60208 -0.000296082
2.61215 -0.000294624
2.62221 -0.00029327
2.63228 -0.000292037
2.64234 -0.000290913
2.65241 -0.000289867
2.66247 -0.000288931
2.67254 -0.000288137
2.6826 -0.000287448
2.69267 -0.000286851
2.70274 -0.000286339
2.7128 -0.000285864
2.72287 -0.000285439
2.73293 -0.00028511
2.743 -0.000284876
2.75306 -0.000284697
2.76313 -0.000284545
2.77319 -0.000284436
2.78326 -0.000284401
2.79332 -0.000284438
2.80339 -0.000284539
2.81345 -0.000284703
2.82352 -0.000284913
2.83358 -0.000285162
2.84365 -0.000285467
2.85371 -0.000285829
2.86378 -0.000286209
2.87384 -0.000286622
2.88391 -0.000287089
2.89397 -0.000287568
2.90404 -0.000288059
2.9141 -0.000288592
2.92416 -0.000289146
2.93423 -0.000289718
2.94429 -0.000290307
2.95436 -0.00029089
2.96442 -0.000291477
2.97449 -0.000292083
2.98455 -0.000292727
2.99462 -0.000293388
3.00468 -0.000294048
3.01474 -0.000294696
3.02481 -0.000295331
3.03487 -0.000295995
3.04494 -0.000296669
3.055 -0.000297315
3.06507 -0.000297974
3.07513 -0.000298637
3.08519 -0.000299254
3.09526 -0.000299867
3.10532 -0.000300503
3.11539 -0.000301133
3.12545 -0.000301743
3.13551 -0.000302356
3.14558 -0.000302991
3.15564 -0.000303624
3.16571 -0.000304224
3.17577 -0.000304792
3.18583 -0.000305361
3.1959 -0.000305941
3.20596 -0.000306506
3.21602 -0.000307054
3.22609 -0.000307571
3.23615 -0.000308051
3.24622 -0.000308519
3.25628 -0.000308985
3.26634 -0.000309448
3.27641 -0.000309891
3.28647 -0.000310323
3.29654 -0.000310746
3.3066 -0.000311115
3.31666 -0.00031147
3.32673 -0.000311852
3.33679 -0.000312219
3.34685 -0.000312564
3.35692 -0.00031289
3.36698 -0.000313172
3.37705 -0.000313425
3.38711 -0.000313677
3.39717 -0.000313927
3.40724 -0.000314166
3.4173 -0.00031437
3.42736 -0.000314543
3.43743 -0.000314705
3.44749 -0.00031485
3.45756 -0.000314985
3.46762 -0.000315099
3.47768 -0.000315196
3.48775 -0.000315269
3.49781 -0.000315313
3.50787 -0.000315359
3.51794 -0.000315391
3.528 -0.000315404
3.53807 -0.0003154
3.54813 -0.000315371
3.55819 -0.000315349
3.56826 -0.000315327
3.57832 -0.000315286
3.58838 -0.000315248
3.59845 -0.000315197
3.60851 -0.000315142
3.61858 -0.000315087
3.62864 -0.000315015
3.6387 -0.000314936
3.64877 -0.000314847
3.65883 -0.00031474
3.66889 -0.000314606
3.67896 -0.000314442
3.68902 -0.00031427
3.69909 -0.000314079
3.70915 -0.000313857
3.71921 -0.000313641
3.72928 -0.000313448
3.73934 -0.00031326
3.7494 -0.000313065
3.75947 -0.000312868
3.76953 -0.000312666
3.7796 -0.000312447
3.78966 -0.000312228
3.79972 -0.000312016
3.80979 -0.000311793
3.81985 -0.000311559
3.82991 -0.000311328
3.83998 -0.000311092
3.85004 -0.000310851
3.86011 -0.000310606
3.87017 -0.000310356
3.88023 -0.000310115
3.8903 -0.000309876
3.90036 -0.000309623
3.91042 -0.000309384
3.92049 -0.000309144
3.93055 -0.000308898
3.94062 -0.000308636
3.95068 -0.00030837
3.96074 -0.000308126
3.97081 -0.000307882
3.98087 -0.000307634
3.99094 -0.000307386
4.001 -0.000307139
4.01106 -0.000306897
4.02113 -0.000306653
4.03119 -0.000306408
4.04125 -0.00030618
4.05132 -0.000305964
4.06138 -0.000305746
4.07145 -0.000305529
4.08151 -0.00030532
4.09157 -0.000305121
4.10164 -0.000304926
4.1117 -0.000304728
4.12177 -0.000304538
4.13183 -0.00030435
4.14189 -0.000304158
4.15196 -0.000303959
4.16202 -0.000303765
4.17209 -0.000303585
4.18215 -0.000303408
4.19221 -0.000303239
4.20228 -0.000303076
4.21234 -0.000302917
4.2224 -0.000302763
4.23247 -0.000302611
4.24253 -0.000302457
4.2526 -0.000302309
4.26266 -0.000302172
4.27272 -0.00030204
4.28279 -0.000301905
4.29285 -0.000301766
4.30292 -0.00030164
4.31298 -0.000301529
4.32304 -0.000301422
4.33311 -0.000301314
4.34317 -0.000301216
4.35324 -0.000301135
4.3633 -0.000301061
4.37336 -0.000300979
4.38343 -0.000300891
4.39349 -0.000300811
4.40355 -0.000300739
4.41362 -0.000300675
4.42368 -0.000300621
4.43375 -0.000300567
4.44381 -0.000300516
4.45387 -0.000300468
4.46394 -0.000300424
4.474 -0.000300383
4.48407 -0.000300348
4.49413 -0.000300322
4.50419 -0.000300298
4.51426 -0.000300276
4.52432 -0.000300263
4.53439 -0.000300252
4.54445 -0.000300237
4.55451 -0.00030023
4.56458 -0.000300228
4.57464 -0.000300238
4.5847 -0.000300258
4.59477 -0.000300277
4.60483 -0.000300286
4.6149 -0.000300293
4.62496 -0.000300313
4.63502 -0.00030034
4.64509 -0.000300367
4.65515 -0.000300402
4.66522 -0.000300443
4.67528 -0.000300485
4.68534 -0.000300534
4.69541 -0.000300586
4.70547 -0.000300634
4.71553 -0.000300681
4.7256 -0.000300736
4.73566 -0.000300802
4.74573 -0.000300876
4.75579 -0.000300951
4.76585 -0.000301021
4.77592 -0.000301089
4.78598 -0.000301165
4.79605 -0.000301247
4.80611 -0.000301327
4.81617 -0.000301409
4.82624 -0.000301494
4.8363 -0.000301582
4.84636 -0.000301678
4.85643 -0.000301777
4.86649 -0.000301878
4.87656 -0.000301981
4.88662 -0.000302079
4.89668 -0.000302173
4.90675 -0.000302265
4.91681 -0.000302354
4.92688 -0.000302446
4.93694 -0.000302547
4.947 -0.000302643
4.95707 -0.000302739
4.96713 -0.000302841
4.97719 -0.000302934
4.98726 -0.000303023
4.99732 -0.000303124
5.00739 -0.00030323
5.01745 -0.000303326
5.02751 -0.000303409
5.03758 -0.000303495
5.04764 -0.000303591
5.0577 -0.00030369
5.06777 -0.000303783
5.07783 -0.000303863
5.0879 -0.000303944
5.09796 -0.000304033
5.10802 -0.000304115
5.11809 -0.000304196
5.12815 -0.000304285
5.13821 -0.000304368
5.14828 -0.000304446
5.15834 -0.000304524
5.16841 -0.000304604
5.17847 -0.000304686
5.18853 -0.00030476
5.1986 -0.000304826
5.20866 -0.000304893
5.21872 -0.000304965
5.22879 -0.000305039
5.23885 -0.000305112
5.24892 -0.000305184
5.25898 -0.00030525
5.26904 -0.000305311
5.27911 -0.000305369
5.28917 -0.000305428
5.29923 -0.000305489
5.3093 -0.000305551
5.31936 -0.000305618
5.32943 -0.000305684
5.33949 -0.000305749
5.34955 -0.00030581
5.35962 -0.000305863
5.36968 -0.000305915
5.37974 -0.000305968
5.38981 -0.000306013
5.39987 -0.000306055
5.40994 -0.000306097
5.42 -0.000306145
5.43006 -0.000306196
5.44013 -0.000306241
5.45019 -0.000306284
5.46025 -0.000306328
5.47032 -0.000306368
5.48038 -0.0003064
5.49045 -0.000306434
5.50051 -0.000306468
5.51057 -0.000306498
5.52064 -0.000306526
5.5307 -0.000306553
5.54076 -0.000306583
5.55083 -0.000306615
5.56089 -0.000306639
5.57095 -0.000306656
5.58102 -0.000306672
5.59108 -0.000306691
5.60115 -0.000306711
5.61121 -0.000306727
5.62127 -0.000306741
5.63134 -0.000306751
5.6414 -0.00030676
5.65146 -0.000306771
5.66153 -0.00030678
5.67159 -0.000306787
5.68166 -0.000306788
5.69172 -0.000306787
5.70178 -0.000306791
5.71185 -0.000306796
5.72191 -0.000306798
5.73197 -0.000306795
5.74204 -0.000306789
5.7521 -0.000306784
5.76217 -0.00030678
5.77223 -0.000306772
5.78229 -0.000306761
5.79236 -0.000306752
5.80242 -0.000306744
5.81248 -0.000306734
5.82255 -0.000306723
5.83261 -0.000306708
5.84268 -0.000306689
5.85274 -0.000306668
5.8628 -0.000306646
5.87287 -0.000306629
5.88293 -0.000306612
5.89299 -0.00030659
5.90306 -0.000306566
5.91312 -0.000306543
5.92318 -0.000306521
5.93325 -0.000306493
5.94331 -0.000306463
5.95338 -0.000306432
5.96344 -0.000306398
5.9735 -0.000306359
5.98357 -0.000306318
5.99363 -0.000306279
6.00369 -0.000306242
6.01376 -0.000306208
6.02382 -0.000306173
6.03389 -0.000306133
6.04395 -0.000306092
6.05401 -0.000306054
6.06408 -0.000306017
6.07414 -0.000305981
6.0842 -0.000305945
6.09427 -0.000305908
6.10433 -0.000305872
6.1144 -0.000305836
6.12446 -0.000305795
6.13452 -0.000305751
6.14459 -0.000305711
6.15465 -0.00030567
6.16471 -0.000305632
6.17478 -0.000305596
6.18484 -0.000305555
6.1949 -0.000305513
6.20497 -0.000305473
6.21503 -0.000305436
6.2251 -0.000305398
6.23516 -0.000305359
6.24522 -0.000305323
6.25529 -0.000305287
6.26535 -0.000305247
6.27541 -0.000305204
6.28548 -0.000305165
6.29554 -0.000305128
6.30561 -0.000305089
6.31567 -0.000305052
6.32573 -0.000305016
6.3358 -0.00030498
6.34586 -0.000304948
6.35592 -0.000304917
6.36599 -0.000304888
6.37605 -0.000304855
6.38612 -0.000304819
6.39618 -0.000304786
6.40624 -0.000304754
6.41631 -0.000304724
6.42637 -0.000304696
6.43643 -0.000304667
6.4465 -0.000304637
6.45656 -0.000304606
6.46662 -0.000304574
6.47669 -0.000304543
6.48675 -0.000304514
6.49682 -0.000304487
6.50688 -0.000304462
6.51694 -0.000304436
6.52701 -0.00030441
6.53707 -0.000304383
6.54713 -0.000304352
6.5572 -0.000304322
6.56726 -0.000304295
6.57732 -0.00030427
6.58739 -0.000304245
6.59745 -0.000304217
6.60752 -0.000304186
6.61758 -0.000304157
6.62764 -0.00030413
6.63771 -0.000304103
6.64777 -0.000304072
6.65783 -0.00030404
6.6679 -0.000304008
6.67796 -0.000303979
6.68803 -0.000303952
6.69809 -0.000303926
6.70815 -0.000303896
6.71822 -0.000303861
6.72828 -0.000303827
6.73834 -0.000303794
6.74841 -0.000303758
6.75847 -0.000303724
6.76854 -0.000303693
6.7786 -0.000303666
6.78866 -0.000303642
6.79873 -0.000303615
6.80879 -0.000303589
6.81885 -0.000303564
6.82892 -0.000303536
6.83898 -0.000303509
6.84904 -0.000303484
6.85911 -0.000303459
6.86917 -0.000303435
6.87924 -0.00030341
6.8893 -0.000303388
6.89936 -0.000303371
6.90943 -0.000303358
6.91949 -0.000303346
6.92955 -0.000303335
6.93962 -0.000303325
6.94968 -0.000303318
6.95975 -0.000303314
6.96981 -0.000303305
6.97987 -0.000303295
6.98994 -0.00030329
7 -0.00030329
